256
397
493
599
642
798
1096
1155
1356
1404
2048
2787
3109
3400
3435
3460
3705
3793
4106
4366
4744
4840
5205
5508
5634
6209
6262
6809
6848
7032
7316
7406
7695
7727
7894
8165
8292
8426
8530
8700
8800
9240
9371
9374
9690
9809
9932
10197
10673
12105
12174
12308
12858
12917
13279
13353
13601
13765
14818
15514
15627
15635
16550
17061
17129
17187
17249
17275
17532
18263
18477
18619
18733
19001
19017
19025
19095
19390
19754
19798
20269
20385
20672
21255
21389
21477
21679
21753
21993
22117
22120
22445
22529
22646
22760
22845
23310
23494
23987
24366
24735
24856
24959
25061
25243
25378
25623
25670
25672
25736
25835
25862
25881
26224
26306
26385
26440
26808
27171
27217
27348
27430
27502
27559
27661
28091
28106
28111
28202
28220
28761
28770
28834
29339
29810
30080
30088
30228
30305
30568
30857
31137
31197
31498
31626
31860
32003
32156
32244
32391
32645
32856
33014
33021
33297
33433
34143
34221
34290
34658
35325
36225
36296
36323
36407
36622
36659
36713
36785
37247
37278
37508
37547
37750
38152
38236
38300
38301
38425
38499
38569
38747
38951
38960
38971
39075
39094
39172
39233
39288
39736
40308
40387
40798
40854
40914
41190
41359
41446
41583
42102
42492
42780
42806
43041
43050
43137
43137
43195
43321
43585
43610
43923
43982
44190
44225
44276
44601
44610
45053
45131
45287
45520
45937
46041
46198
46242
46521
47245
47472
47544
47726
47776
47951
47970
48228
48670
48754
48759
48919
49033
49159
49297
49316
49335
49378
49463
49887
49983
50200
50213
50262
50315
50394
50554
50663
51134
51408
51448
51854
51969
52107
52276
52284
52431
53451
53488
53527
53873
53911
54206
54325
54740
54879
55075
55077
55144
55605
55891
56527
56756
56938
56959
56975
56977
57161
57672
57938
57999
58024
58417
58687
58743
58766
59251
59418
59477
60013
60191
60784
61198
61236
61298
61592
61597
61700
62008
62205
62232
62312
62316
62454
62520
62565
62602
62613
62939
63007
63371
63594
63765
63788
64254
64715
64896
65043
65098
65935
66079
66316
66349
66569
66581
66659
66688
66817
67410
67424
67500
67503
67856
68175
68206
68212
68941
69093
69295
69404
69505
70106
70188
70306
70405
70464
70992
71458
71885
71934
72221
72367
72414
72670
72801
73571
73586
73831
74060
74075
74164
74292
74390
74462
74540
74686
74748
74795
75167
75189
75430
75725
76582
76694
76824
76861
76895
76933
76977
77021
77384
77688
77817
78374
78654
78800
79462
79494
79784
79915
79966
80004
80252
80676
80837
81164
81169
81674
81679
81843
82160
82743
83409
83654
84201
84353
84604
84782
85304
85315
85341
85653
85818
85968
86155
86303
86344
86413
86455
86519
86815
86852
86882
87132
87468
87859
87904
88386
88481
88521
88555
88584
88810
88884
89722
90768
91125
91486
91555
91605
91648
91780
92402
92751
93010
93258
93410
93475
93545
93790
93845
94051
94077
94114
94774
94830
94881
95134
95160
95173
95209
95405
95697
95811
95834
96437
97533
97593
97847
98727
98734
98815
99409
99671
99768
99990
100184
100277
100345
100914
101117
101354
101501
101698
101732
101743
101957
102086
102596
102951
103109
103163
103280
103287
103370
103936
103969
104061
104191
104496
104642
104835
104869
105034
105221
105327
105513
105829
106116
106597
107023
107231
107306
108203
108254
108735
109118
109266
109295
109368
110007
110232
110476
110937
111603
112005
112082
112255
112489
112618
112642
112714
112736
112911
113076
113798
113870
114000
114072
114182
114368
114383
114387
114590
114617
114691
114870
114886
114992
115114
115144
115270
115302
115374
115491
115543
115887
115909
116440
116569
116757
116856
116876
116937
117499
117633
117714
117776
117787
117873
118118
118269
119165
119591
119727
119798
119923
120060
120143
120240
120262
120337
120832
121724
121740
121743
121840
122346
122520
122701
122761
122772
123237
123583
123683
123735
123744
124053
124217
124353
124519
124593
124698
124830
125037
125175
125202
125229
125328
125648
125709
126436
126621
126681
126785
126955
127084
127108
127383
127472
127519
127646
127652
127762
128249
128381
128448
128854
129147
129645
130164
130267
130328
130747
130885
130943
131205
131244
131361
131467
131668
131995
132379
132839
132857
133203
133218
133381
133972
134020
134397
134537
134560
134773
135127
135240
136427
136602
136605
136754
137680
138212
138297
138586
138839
139407
139549
139661
139762
139816
139817
140076
140246
140300
140940
141147
141479
141481
141721
141730
142476
142686
142688
142961
143161
143192
143582
143708
143814
143916
144608
144707
144843
144877
145035
145419
145505
146041
146202
146282
146586
146668
146763
146767
146847
147014
147246
147520
147585
147654
147756
147819
147923
147926
148298
148357
149032
149111
149138
149301
149394
149404
149431
149536
149712
150285
150287
150456
151033
151215
151532
152481
152513
152906
153032
153308
153639
153889
153927
154101
154265
154334
154560
154602
154903
155951
156153
156574
157110
157116
157692
157753
158036
158113
158782
159537
159690
160404
160409
160474
160741
161020
161687
161939
162402
162577
163003
163120
163253
163299
163476
163490
163847
164266
164540
165131
165228
165276
165463
165546
165766
165778
165810
165904
166054
166320
167007
167039
167854
168097
168319
168394
168667
168844
169068
169318
169469
169834
170236
170349
170573
171277
171324
171492
171568
171862
171915
171939
172052
172163
172364
172471
173278
173431
173839
173873
173877
174176
174527
174885
175148
175750
175978
176383
176452
176584
176697
177024
177757
177892
178031
178158
178246
178463
178644
179305
179429
179564
179713
179790
179863
180294
180537
180626
180867
180907
181017
181687
181986
182082
182713
182748
182873
183144
183383
183402
183492
183532
183910
184610
184645
184858
185090
186021
186102
186127
186218
186495
187730
187955
188395
188484
188516
188687
188714
188827
188864
188999
189287
189617
190006
190336
190860
190861
191078
191115
191425
191514
191557
191777
192090
192103
192146
192246
192567
192970
193641
193812
193955
194252
194374
194549
194844
195113
195233
195256
195508
195728
195859
196153
196308
196387
196472
196950
196982
197989
198077
198268
198467
198468
198554
198557
198868
199105
199124
199276
199323
199494
199640
199791
200262
200580
200580
200675
201161
201327
201391
201740
201802
201895
202222
202273
202281
202337
202787
203339
203423
203438
203441
203614
203861
204000
204300
204332
204713
204867
204981
205267
205308
205407
205573
206288
206540
206577
206892
206926
207017
207291
207671
207941
208006
208046
208428
208519
208642
208709
209054
209145
209331
209458
209637
209645
209772
209862
210158
210241
210644
210755
210883
210950
211052
211169
211374
211766
211897
212170
212384
212706
212766
213144
213244
213269
213285
213354
213405
213614
213887
213895
213982
214412
214507
214598
215521
215569
215891
216418
216652
216686
216734
216994
217004
217103
217192
217195
217870
218032
218106
218577
219306
219763
220238
220252
220345
220364
220488
220535
220623
220959
220961
221167
221188
221374
221529
221918
221954
222083
222224
222485
222618
222833
223227
223493
223861
224203
224357
224939
225104
225126
225145
225302
226226
226247
226295
226312
226875
227053
227261
227592
227791
227942
228287
228424
228818
228894
229173
229178
229310
229348
229360
229446
229548
229637
229867
229905
229912
230384
230412
230419
230823
231773
231853
232015
232660
232783
233065
233397
233677
233821
233983
234239
234280
234305
234626
234650
234703
234833
235088
235371
235658
235773
235905
235971
236444
236504
236557
236867
237256
237539
238075
238168
238207
238213
238273
239537
239766
240008
240168
240217
240274
240652
240702
240730
241292
241764
241819
241846
242192
242214
243124
243476
243725
244649
244762
245077
245298
245407
245448
245486
245802
245903
246143
246202
246715
246833
247124
247145
247329
247428
247636
247759
247920
247923
247978
248505
248890
248893
249323
249564
249659
249779
250172
250311
250443
250662
250849
250962
250994
252082
252175
252361
252387
252480
252677
253021
253312
253575
253576
253726
254026
254842
254878
255127
255353
255480
256632
256688
256777
257150
257316
257431
257432
257579
257743
258162
258286
258697
258720
258900
258912
258939
259316
260145
260625
260637
260964
261379
261670
261840
262011
262144
262224
262483
262533
263299
263341
263994
264360
264371
264441
265692
265877
265916
266069
266079
266234
266317
267004
267028
267706
267717
267801
267802
268225
268491
268536
268542
268581
268744
269378
269658
269753
270079
270269
270492
270695
270963
271281
271463
271468
271884
271976
272270
272363
272386
272417
272681
272827
273114
273691
273771
273847
273890
274065
274246
274257
274417
274469
274620
274808
275078
275107
275142
275232
275498
276094
276195
276282
276336
276337
276616
276701
276934
276966
277179
277613
277876
278487
278657
278675
278715
280183
280485
280518
280529
280968
280983
281186
281468
281642
282037
282282
282412
282449
282741
282789
282810
282839
282901
283332
283574
283656
283874
284167
284521
284611
284900
284972
285186
285379
285404
285437
285496
285626
286229
286313
286881
286906
287090
287107
287134
287346
287706
287818
287837
288021
288532
288676
288932
289121
289245
289932
290268
290286
290456
290663
290946
291073
291495
291923
291950
292696
292941
292990
293262
293273
293566
293899
294057
294127
294626
294911
295556
295646
295668
295749
296019
296258
296756
296821
296902
298318
298319
298682
298694
298968
299054
299192
299278
299305
299364
299426
299429
299434
299584
299726
299728
299783
300093
300561
300615
300746
301519
301747
301774
302064
302266
302555
302821
302902
303032
303121
303421
303606
303962
304025
304032
304400
304674
304793
304913
305053
305148
305156
305685
305822
305854
305926
306161
306982
307066
308224
308279
308601
308767
308896
309064
309675
309693
309969
310060
310066
310201
310240
310283
310549
311019
311033
311601
312020
312241
312452
312500
312611
312738
312901
313183
313445
314111
314416
314691
314752
314786
314837
315125
315556
315883
316392
316552
316920
317204
317400
317521
317651
317720
317871
318117
318472
318747
319101
319103
319233
319596
319774
319931
319954
320004
320091
320475
320476
320554
320952
321074
321189
321800
322022
322966
323102
323115
323254
323371
323373
323475
323480
323492
323934
324419
324930
324990
325402
325600
325610
325889
326343
326548
326892
326965
327347
327601
327817
328018
328557
328936
329124
329198
330941
330950
331194
331230
331594
331827
332137
332259
332358
332612
332915
332980
333519
333533
333633
334126
334175
334510
334622
334797
334900
334977
335146
335153
335196
335218
335426
335851
336165
336215
336239
336916
337055
337124
337405
337484
337598
337851
337869
337939
337967
338217
338280
338597
338618
339004
339081
339154
339319
339363
339462
339488
339622
339723
340179
340571
341004
341146
341159
341408
341465
341855
341968
342001
342105
342110
342454
342541
342685
342754
343165
343416
343421
343627
343718
343766
343896
343897
343906
344134
344853
345057
345347
345421
345425
345655
345824
345857
346259
346305
346385
346422
346566
346613
347004
347016
347493
347620
347734
347994
348054
348293
348646
348825
348832
349296
349438
350103
350982
350992
351571
351656
351878
351944
352059
352362
352388
352987
353001
353069
353157
353273
353362
353675
353700
353957
354044
354422
354455
354514
354639
354642
354925
355069
355537
355693
356137
356510
356544
356893
357052
357220
357248
357491
357871
358390
358392
358443
358645
358646
358895
359281
359324
359362
359449
359658
359975
360088
360146
360373
360373
360667
361000
361234
361494
361613
362068
362131
362491
363161
363225
363244
363363
363385
363691
364039
364539
364546
364604
364669
364841
365001
365147
365717
365737
366013
366137
366489
366646
366767
367258
367273
367395
367428
367703
368008
368011
368272
368425
368468
368569
368778
368857
369858
370220
370510
370594
371012
371312
371750
371804
371888
372351
372541
372674
373189
373414
373836
374023
374075
374356
374468
374811
374847
375127
375534
375559
375895
375912
376010
376510
376562
377105
377121
377308
378078
378981
379153
379524
379528
379558
379672
379841
379965
380592
380781
380885
381246
381276
381335
381512
381926
382147
382159
382609
382806
382905
382957
383241
383405
383546
383594
383880
383893
384329
384647
384851
384877
385380
386106
386787
386823
386951
387386
387398
387522
388088
388221
388315
388629
388654
388890
388945
389067
389417
389519
389717
389751
389804
389995
390003
390295
390457
390522
390927
391024
391031
391313
391331
391510
391780
392417
392756
392804
392843
392935
392972
393489
393515
393665
394010
394273
394411
395135
395209
395238
395253
395344
395408
395537
395567
395619
395623
396147
396333
396496
396698
396843
398235
398589
398662
398855
399235
399279
399283
399292
399329
399805
399909
400306
400349
401211
401369
401404
401475
403119
403167
403656
403952
404150
404545
404709
404857
404998
405346
405503
406034
406100
406332
406643
406852
407215
407315
407571
407689
408049
408059
408343
408464
408583
408688
409377
409459
409980
410123
410218
410496
410905
410935
411321
411452
411561
411889
412098
412369
412438
412679
413398
413594
413692
414074
414156
414281
414464
415056
415301
415393
416154
416317
416325
416386
416466
416946
417150
417151
417825
418319
418643
418795
418827
419195
419701
419825
420007
420062
420121
420227
420348
420438
420746
420802
420932
420971
421050
421299
421539
421654
421743
421962
422041
422117
422158
422352
422498
422592
422714
422872
422929
422969
423282
423346
423533
423659
424146
424250
424637
425013
425241
425354
425501
425610
426205
426251
426551
426567
426678
426822
427045
427152
427221
427651
427677
428222
428736
429068
429211
429605
429640
429753
429758
430070
430204
430279
430331
430512
430560
430886
431097
431179
431294
431309
431446
431459
431492
431502
431581
431629
431791
432205
432285
432434
432657
432725
432901
432978
433013
433058
433064
433719
433965
434318
434761
435150
435280
435364
435387
435390
435541
435563
435754
436178
436232
436542
436778
437398
437404
437493
437636
438161
438502
438819
438923
438999
439393
439754
440295
440373
440383
440414
440686
440922
441591
442856
442883
442989
443699
443961
444171
444193
444194
444210
444343
444448
444508
445035
445321
445444
445484
445590
445596
445620
445909
446164
446196
446430
446481
446828
447444
447530
447589
447862
448036
448303
448472
448606
448761
448984
449193
449297
449375
449583
450107
450394
450572
450611
450623
450697
450838
451084
451247
451408
451623
451896
452183
452298
452326
452382
452582
453143
453426
453451
453506
454501
454853
454878
454893
454998
455477
455620
455739
455836
456042
456089
457036
457067
457173
457227
457315
457320
457687
457757
457824
458163
458240
458504
458650
459271
459279
459437
459544
459671
459759
459774
459950
460323
460330
460449
460529
460579
460707
461131
461210
461449
461456
462107
462194
462200
462431
462603
462681
462967
463141
463355
463629
464141
464327
464495
464772
464839
464954
465333
465731
466162
466591
466781
466965
466979
467137
467306
467482
467494
468083
468174
468211
468505
469204
469334
469587
469796
470330
470333
470345
470367
470864
471010
471245
471581
471625
471645
471983
471993
472179
472185
472219
472483
472699
472819
473403
473420
473517
473656
473944
474267
474668
474676
474711
475127
475972
476349
476588
476849
476942
477048
477064
477072
477218
477346
477351
477730
478404
479089
479149
479453
479695
479773
479899
479974
480205
480294
480375
480663
480709
480779
481574
481914
482547
482717
483855
483910
484112
484249
484387
484551
484564
484778
484858
485293
485389
485422
485665
485677
485832
486217
486286
486297
486654
486867
487094
487117
487265
487296
487578
488220
488299
488498
489195
489252
489579
489654
490208
490269
490387
490648
490743
490876
490993
491311
491513
491590
491644
491647
491649
491762
491858
492301
492497
492606
493267
493286
493407
493470
493866
494058
494330
494691
495272
495449
495581
495682
495707
495754
495942
496202
496717
496736
497079
497237
497649
498004
498124
498245
498324
498462
498564
498848
499336
499495
499906
499912
500032
500272
501074
501190
501250
501307
501343
501367
501516
501832
501957
502415
502498
502964
503092
503548
503692
503700
504121
505058
505510
505528
505793
505912
506116
506167
506424
506530
506863
506937
506989
507177
507513
507771
508068
508109
508808
508813
508898
509697
509756
509891
510010
510064
510189
510227
510272
510434
510492
510694
511159
511250
511579
511982
512070
512291
512408
512499
512870
514035
514211
514383
515040
515123
515125
515364
515600
515921
515960
516017
516621
516623
516905
516999
517382
517888
518288
519051
519166
519376
519389
519574
519628
520208
520904
521154
521547
521781
522005
522162
522321
522410
523679
523931
524165
524289
524773
525082
525196
525456
525678
526069
526948
526948
527188
527774
527822
527858
528008
528286
528439
528615
529253
529550
529664
530554
530598
530922
531297
531519
531732
531940
532415
532442
532697
532709
533040
533678
534101
534237
534506
534880
535068
535264
535374
535468
535756
535855
535863
536394
536501
536838
536908
536944
537028
537286
537898
537957
538120
538307
538794
538868
538938
539148
539340
539539
539578
540028
540070
540520
540588
540842
540938
541052
541060
541266
541693
542033
542124
542132
542355
542457
542545
542670
543121
543618
544881
544927
544954
545081
545094
545562
545662
545725
546860
547030
547192
547458
547490
549399
549683
549960
550098
550420
550597
550656
550744
550779
550976
550985
551128
551264
551530
551804
552019
552104
552184
552368
553273
553421
553679
553955
554161
554343
554585
555171
555205
555432
555601
555675
555904
556064
556184
556264
556284
556654
556675
556718
556851
557075
557735
557792
558073
558270
558674
558681
559083
559371
559621
559670
559748
559756
559910
560046
560439
560603
560899
561180
561479
561946
562201
562273
562523
562731
562783
563558
563757
563849
564145
564205
564529
564840
565184
565871
565937
566003
566103
566132
566219
566300
566551
566557
566569
566945
567535
568346
568371
568698
568885
569268
569508
569613
570363
570480
570658
570783
570864
570890
571476
571676
571965
572181
572244
572352
572404
572645
572718
572876
573023
573917
574073
574226
574706
574717
574949
575233
575241
575556
576165
576713
576753
577134
577292
577362
577600
577633
577676
577748
577903
577949
578087
578149
578281
578356
578420
578628
578667
578752
578856
578926
579173
579442
579485
580061
580334
580566
580972
580994
581033
581488
581785
582028
582088
582101
582275
582590
582751
585526
585911
585945
586359
586723
587580
587619
587884
587902
588111
588301
588361
588482
589049
589556
589814
589834
590791
591289
591396
591483
591607
591731
591753
592150
592214
592518
592529
592877
593578
594075
594533
595063
595127
595441
595768
596239
596240
596269
596488
596616
596723
596965
597188
597342
597431
597609
597700
597915
598781
598855
598942
598973
599223
599583
599673
599771
599876
600196
600559
600860
600879
601201
601229
601234
601294
601680
601905
601999
602484
602727
602950
602991
603684
604026
604559
604653
604923
604935
604990
605117
605207
605259
605695
605938
605981
606069
606162
606270
606481
606543
606953
607004
607080
607493
607860
608150
608165
608224
608674
608750
608982
609081
609362
609392
609423
609709
610264
610457
611913
611939
612106
612114
613101
613210
613487
613524
613698
614007
614058
614132
614235
614239
614670
614756
614866
614970
615019
615075
615112
615181
615210
615210
615275
615389
615559
615678
615980
616300
616394
616562
616699
616732
616934
616939
617013
617441
617740
617772
617898
617972
618494
618576
618619
618844
618986
619269
619395
619438
619458
619657
619681
619943
620861
620947
621272
621478
621656
621659
621838
621935
621942
622308
622411
622578
622808
623235
623533
623723
623790
623903
623991
624152
624208
624304
624442
624775
625049
625279
625348
625449
625540
626203
626416
627110
627259
627352
627605
627980
628359
628656
628733
628767
629221
629513
630118
630135
630477
630967
631792
631868
632520
632823
632955
632981
633131
633501
633543
633615
634195
634233
634357
634845
634872
635244
635660
635821
635866
636761
637231
637271
637337
637439
637550
637663
637999
638228
638233
638511
638561
638641
638974
639103
639627
640023
640275
640489
640494
640690
641352
641395
641671
642364
642588
642969
643028
643125
643778
643783
644245
644256
644349
644446
644594
645016
645153
645210
645468
645799
645873
646285
646292
646310
647190
647390
647400
647566
648014
648268
648370
648486
648574
648649
649123
649266
649617
649624
649766
649874
650282
650431
650440
651022
651267
651284
651300
651391
651527
651543
651554
651634
651651
651725
651783
651783
651904
651965
652039
652065
652389
652592
652786
652899
652947
653028
653278
653333
653367
654211
655220
655421
655716
655860
655877
656325
656458
656628
656958
656968
657322
657346
657965
658265
658275
658284
658756
659129
659229
659605
659849
659979
660523
660689
660798
660803
661274
661306
661316
661630
661777
662477
662493
662781
662948
663005
663118
663530
664221
664229
664691
664903
665196
665243
665498
665655
665980
666027
666175
666420
666810
667128
667206
667331
667608
667627
667878
668139
668375
668797
668819
668900
668910
669020
669044
669182
669228
669719
669987
670145
670509
670625
670812
671363
671872
672648
672683
672710
672991
673128
673134
673512
673766
674033
674102
674177
674211
674280
674280
674313
674591
674644
674867
674959
675020
675122
675293
675729
675771
675951
675999
676365
676408
676725
676842
676846
676852
676918
677085
677210
677527
677574
678399
678565
678586
679226
679276
679344
679350
679561
679637
679729
680592
680664
680816
681111
681478
681597
681805
682227
682443
682532
682580
682618
683281
683300
683446
683521
683672
685096
685174
685199
685243
685320
685437
685805
686032
686070
686135
686193
686322
686716
686781
687052
687091
687434
687537
687574
687609
687666
688254
688259
688837
688942
689197
689278
689469
689709
689759
689815
689878
689879
690143
691189
691199
691210
691690
691823
691937
692004
692455
692738
693014
693255
693431
693895
694048
694086
694180
694252
694549
694645
694653
695115
695155
695172
695299
695367
695402
695405
695709
695791
696093
696108
696513
696552
697045
697318
697383
697430
697434
697449
698361
698874
698917
699065
699316
699686
699715
700105
700322
700340
700428
700750
700761
700827
700928
701081
701518
701791
701955
702069
702102
702922
702992
703468
704467
704631
704988
705241
705545
705650
705674
705801
706225
706248
706260
706288
706308
706395
706439
706660
707067
707221
707292
707328
707430
707591
707914
708150
708287
708392
708478
708493
708545
708600
708926
709347
709726
710152
710202
710354
710581
710878
711220
711479
711552
711565
712362
712459
712521
712721
713121
713251
713260
713319
713653
714016
714334
714640
714693
714870
714942
715109
715484
715655
715704
715911
716034
716495
716514
717017
717100
717347
717440
717515
717630
717708
717746
717966
717973
718115
718142
718392
718442
718480
719116
719272
719656
719790
720443
720575
720942
721095
721214
721668
721818
722010
722132
722271
722358
722373
722421
722698
722833
722869
722982
723050
723668
723884
724037
724165
724177
724268
724343
725031
725122
725161
725174
725337
725536
725584
725982
726626
726819
726892
726901
726989
727141
727304
727887
727920
728530
728602
728794
728993
729122
729250
729663
729994
730166
730548
730618
730659
730961
731172
731318
731637
731685
731685
731932
732701
733072
733278
733824
734047
734064
734215
734411
734500
734558
734660
734693
734784
735141
736076
736286
737104
737201
737614
737786
737869
737968
738007
738197
738206
738467
738942
739970
740276
740314
740399
740548
740994
741032
741208
741548
741679
741741
741933
743019
743034
743119
743237
744363
744502
744653
744784
744788
745127
745287
745440
745469
745521
745612
745988
746005
746065
746185
746225
746994
747261
747471
747660
747806
748042
748057
748925
750154
750157
750368
750383
750425
750494
750895
751091
751504
751662
752043
752082
752803
752825
752928
753049
753233
753715
753773
753894
753929
754203
754588
754769
755231
755263
755369
755422
755533
755763
755974
756136
756281
756375
756388
756520
756876
757051
757304
757412
757676
757753
757997
758053
758220
758349
759387
760201
760468
760576
761312
761375
761888
761935
762148
762332
762341
762479
762827
762855
762909
762953
762979
763016
763351
763416
763464
763608
763649
763655
763742
763854
763894
763910
763980
764108
764138
764526
765070
765092
765285
765304
765587
765772
765818
765901
766184
767237
767423
767433
767566
767752
768165
768428
768806
768947
768976
769385
769703
769829
770076
770161
770341
770391
770890
771219
771551
771969
772250
772906
773080
773101
773271
773651
773709
774025
774196
774554
774897
775123
775377
775555
775678
775726
775728
775803
775861
776245
776275
776547
776780
777050
777074
777167
777175
777579
777676
777690
777982
778148
778362
779562
779938
780156
780339
780411
780963
781228
781382
781452
781463
781692
782697
782866
782934
782999
783153
783376
783501
783534
783633
784030
784353
784594
784966
785193
785360
786188
786560
786873
787480
787604
787655
787689
788273
788333
788407
788625
788679
789089
789383
789404
789815
789854
789918
790001
790491
790555
790869
791086
791294
791564
792003
792081
792198
792314
792436
792685
792761
793234
793559
793595
793659
793714
793877
795002
795427
795449
795583
795685
796037
796213
796566
796772
796847
797090
797118
797343
797349
797414
797632
797813
797905
797999
798052
798260
798371
798423
798503
798880
798939
798967
799089
799328
799983
800163
800261
801272
801319
801672
801719
801792
801963
802302
802310
802356
802882
803727
804093
804465
804655
804942
804997
805352
805780
806010
806330
806541
806722
806746
807040
807271
808297
808493
808558
808563
808666
809545
810911
811284
811523
811648
811733
812128
812389
812535
812751
813245
813402
813669
813757
813773
814237
814311
814322
814706
814769
815474
816284
816292
816339
816358
816996
817008
817570
817676
817723
817729
818040
818062
818256
818283
818286
818319
818789
818868
819113
819190
819201
819219
819278
819722
819931
820270
820277
820816
820820
820934
820943
821191
821806
821924
821965
822276
822390
822818
823115
823804
824718
824737
824817
824943
825260
825326
825729
825779
825912
826212
826269
826378
826588
826761
827154
827476
827610
827843
828025
828298
828902
828922
828967
829001
829024
829088
829374
829627
830377
830391
830574
830591
830604
830824
830856
831371
831418
831455
832017
832113
833452
833532
834253
834307
834339
834385
834537
834635
835165
835483
835768
836193
836436
836541
836717
836780
836804
837020
837533
837628
837755
837919
838181
838224
838328
838374
838566
840126
840282
840335
840545
840709
840789
840865
841039
841050
841169
841369
842712
842777
842831
843243
843362
843556
843764
843783
844259
844365
844646
844840
845265
846061
846170
846208
846239
846267
846277
846316
846438
846562
847165
847460
847706
847719
847764
847864
847931
848306
848337
848567
848996
849448
849703
849784
850062
850230
850345
850487
850491
850740
850889
851564
851607
851747
851794
851994
852067
852129
852535
852708
852720
852982
853389
853560
853915
854098
854484
854569
854957
855230
855335
855660
855699
856153
856293
856677
856733
857538
858342
858368
858575
858748
859142
859594
859936
860206
860812
860840
860922
861391
861580
861744
861807
862440
862562
862620
863284
863433
863719
863810
863924
864243
864275
864420
864432
864982
865361
865637
866143
866335
866614
866644
866809
867538
867680
867856
867923
868488
868908
869196
869385
869497
869847
870205
870494
870884
870888
870951
871384
871414
871803
871835
872062
872219
872335
872340
872630
873427
873993
874049
874121
874384
874415
874474
874700
874778
874929
874976
875101
875192
875345
875570
875600
875783
875991
876411
876632
876987
877065
877091
878528
878574
878630
878784
879275
879390
879633
879758
879865
880167
880271
880624
880830
881000
881048
881697
882066
882339
882724
882945
882982
883207
883251
883420
883431
883801
883965
884081
884239
884291
884462
884611
884967
885042
885240
885533
885949
886317
886327
886436
887022
887172
887660
888110
889019
889100
889357
889507
889573
889664
889682
890009
890033
890089
890238
890303
890596
890601
890707
890887
891124
891211
891357
891369
891852
892167
892348
892605
892682
892721
893174
893179
893432
893528
893605
893736
894126
894201
894276
894502
894646
895060
895186
895247
895276
895319
895377
895521
895714
895857
895867
896175
896586
896988
897363
897729
898297
898666
898820
898990
899120
899241
899320
899573
899831
899833
900008
900068
900232
900416
901564
902344
902520
902582
902710
902782
902802
903092
903190
903194
903221
903244
903407
903453
903481
903627
903715
903731
903743
903800
904186
904384
904401
904568
904816
904891
905417
905884
906035
906137
906275
906500
906654
906862
906917
907044
907053
907216
907241
907595
907646
908045
908234
908381
908552
908666
908720
908731
908757
908847
908994
909165
909237
909249
909896
909996
910621
910644
910662
910847
911069
911648
911972
912268
912396
912547
912697
913102
913144
913362
913554
913823
914245
914360
914854
914867
915162
915228
915255
915536
915557
915655
915680
915813
915933
916777
916889
916912
917089
917111
917685
917707
917961
918064
918124
918564
919022
919042
919221
919777
919972
920538
920852
920893
920998
921277
921505
921706
921752
921861
922033
922352
922389
922745
923072
923081
923465
923545
923689
923967
924493
924828
924877
924962
925015
925116
925243
925297
925576
925695
925845
926242
926304
926491
926588
927005
927012
927421
927624
927687
927859
927971
928105
928544
928546
928795
928880
929037
929134
929296
929322
929427
929622
929747
929776
929910
930375
930711
931413
931434
931755
932098
932337
932357
932826
932937
933255
933476
933631
933648
933671
933713
933959
933961
934084
934114
934197
934681
934853
935513
936111
936396
936511
936796
936801
936932
937398
937442
937669
937686
937888
938060
938620
938622
939028
939131
939285
939456
939582
939620
939860
939980
940001
940390
941308
941353
941389
942277
942364
942908
942981
943359
943533
943999
944037
944711
944876
945507
945616
945906
945992
946114
946281
946679
946722
947125
947160
947226
947728
947831
948153
948593
948620
948660
949030
949214
949251
949311
949593
949617
949716
949765
950085
950104
950142
950267
950295
950425
950757
950860
951009
951667
951799
951810
951843
951891
951962
952666
952810
952844
952996
954121
954443
954785
954875
955125
955193
955200
955292
956169
956282
956304
956453
956517
956726
956773
957001
957021
957463
957949
957990
958189
958731
958735
958878
958950
959201
959323
959433
960578
960860
960915
961326
961376
961457
961541
961585
961611
961746
961826
962102
962241
962252
962820
963196
963266
963599
963631
963637
963996
964033
964659
964845
965213
965271
965474
965624
965645
965652
965900
966005
966217
966246
966308
967214
967567
967679
967681
967694
967903
968094
968605
968696
968927
969398
969687
969848
969904
969982
970057
970265
970732
970887
971120
971317
971435
971492
971502
972139
972162
972240
972815
973073
973278
973292
973298
973363
973479
973590
974050
974259
974339
974464
974597
974853
974974
975625
976265
976368
976533
976603
976634
976836
977195
977230
977277
977325
977371
977627
978325
978369
979864
980115
980316
980372
980467
980759
980776
980800
980930
980941
981215
981964
982171
982341
982906
983568
983668
983835
984736
984769
984842
985149
985451
985609
985756
985777
986020
986183
986461
986529
986533
986598
986635
986688
986795
987083
987580
988173
988846
989237
989343
989465
989528
989715
989952
990713
990713
990795
991261
991616
991654
991673
991882
991943
992144
992264
992441
992456
992753
993256
993463
993548
993821
994107
994109
994213
994903
995174
995571
995758
995962
996189
996248
996664
996730
997194
997574
997618
998191
998323
998839
998926
999025
999028
999039
999182
999372
1000291
1000468
1000542
1000975
1001211
1001365
1001516
1002368
1002375
1002424
1002774
1002860
1002882
1004549
1004700
1004934
1005020
1005096
1005555
1005739
1006068
1006560
1006605
1006683
1007094
1008075
1008169
1008963
1009067
1009258
1009286
1009583
1009865
1009936
1010039
1010147
1010503
1010545
1010549
1010638
1010947
1011043
1011164
1011198
1011227
1011362
1011852
1012021
1012221
1012427
1012461
1012727
1013136
1013241
1013383
1014553
1014659
1015167
1015258
1015278
1015565
1015595
1016295
1016469
1016492
1016612
1016617
1016883
1016956
1017441
1018129
1018396
1018982
1019149
1019250
1019403
1019574
1019584
1019667
1020378
1020504
1020836
1021052
1021059
1021088
1021129
1021194
1021291
1021355
1021395
1021725
1021804
1022044
1022578
1022634
1022936
1023201
1023395
1023436
1023928
1024130
1024210
1024237
1024258
1024335
1024602
1025628
1025769
1025956
1026183
1026190
1026218
1026393
1026741
1026872
1027172
1027696
1027731
1028143
1028337
1028495
1028731
1028762
1029083
1029974
1030138
1030144
1030549
1030841
1031025
1031461
1031876
1032075
1032151
1032508
1032645
1032741
1032889
1033085
1033223
1033255
1033405
1033447
1033549
1033798
1034183
1034194
1034568
1034621
1034659
1034845
1034908
1035805
1035909
1036601
1036605
1036651
1036827
1037180
1037529
1038201
1038577
1038612
1038713
1038920
1039129
1039491
1039751
1039847
1040163
1040346
1040598
1041047
1041231
1041931
1042139
1042415
1042539
1043190
1043816
1043830
1043945
1044224
1044683
1044928
1045344
1045453
1045561
1045614
1045633
1045751
1045775
1045869
1046006
1046030
1046258
1046314
1046471
1047086
1047258
1047351
1047363
1047793
1047822
1048291
1048439
1048575
1049271
1049491
1049502
1049730
1049735
1049776
1049953
1050280
1050512
1050979
1051366
1051658
1051776
1052154
1052262
1052332
1052693
1052847
1053078
1053792
1054029
1054144
1054481
1054505
1054683
1054745
1054886
1055040
1055115
1055162
1055671
1055776
1056162
1056561
1056874
1057027
1057191
1057273
1057303
1057307
1057622
1058123
1058375
1058494
1058667
1058985
1059171
1059294
1059708
1059724
1059796
1059915
1059924
1059949
1059955
1060036
1060196
1060702
1060811
1060840
1061220
1061383
1061388
1061570
1061948
1062035
1062109
1062189
1063160
1063447
1063543
1063577
1063604
1063611
1063712
1063775
1063883
1063890
1064411
1064925
1065001
1065148
1065308
1065901
1066228
1066579
1066693
1066767
1067030
1067273
1067511
1067511
1067515
1067681
1067726
1067857
1068350
1068471
1068637
1068719
1068879
1068908
1069315
1069594
1069605
1069830
1070100
1070149
1070296
1070342
1070464
1070676
1071601
1071611
1071758
1071782
1071913
1072051
1072549
1073028
1073695
1073789
1074159
1074475
1074954
1075243
1075334
1075771
1076484
1076901
1076902
1076904
1076922
1076972
1077074
1077171
1077997
1078067
1078239
1078246
1078270
1078492
1078593
1078593
1078688
1078836
1079408
1079428
1080270
1080294
1080755
1081059
1081107
1081173
1081229
1081631
1082214
1082252
1082291
1082642
1083229
1083284
1083477
1083716
1083770
1083806
1083849
1083857
1084348
1084348
1084390
1084601
1084714
1084809
1084815
1085095
1085282
1085445
1085650
1085679
1085766
1085863
1086652
1087203
1087257
1087269
1087390
1087620
1087841
1087993
1088925
1089564
1089906
1090157
1090188
1090242
1090366
1090388
1090563
1091097
1091410
1091788
1091830
1092344
1092372
1092808
1093037
1093732
1093981
1094213
1094395
1094721
1094857
1095187
1095270
1095483
1095967
1096109
1096142
1096211
1096688
1096878
1096989
1097026
1097468
1097495
1097757
1097909
1098079
1098153
1098527
1098596
1098789
1099088
1099117
1099447
1099478
1099486
1099505
1099652
1099734
1100058
1100534
1100567
1100605
1100716
1100750
1100924
1100932
1101024
1101098
1101120
1101338
1101573
1101887
1101936
1102333
1102454
1102462
1102645
1102745
1102814
1103799
1104117
1104149
1104712
1104794
1105158
1105417
1105498
1106063
1106390
1106470
1106518
1106953
1106964
1107605
1108121
1108126
1108850
1108882
1109145
1109330
1109364
1109594
1109598
1109763
1109835
1109839
1109860
1110064
1110078
1110921
1110952
1110976
1111388
1111503
1112003
1112697
1112733
1112994
1113121
1113181
1113286
1113469
1113585
1114056
1115015
1115048
1115250
1115271
1115342
1115710
1115966
1116162
1116479
1117315
1117631
1117856
1118362
1118367
1118524
1118666
1118984
1119191
1119264
1119374
1119375
1119618
1119621
1119688
1120147
1120299
1120381
1120427
1120609
1120666
1121028
1121086
1121315
1121480
1122933
1123638
1124035
1124295
1124589
1124912
1125660
1125815
1126702
1126817
1126972
1127089
1127369
1127595
1127644
1127646
1127862
1128238
1128275
1128443
1128474
1128524
1128739
1128943
1129179
1129468
1129743
1129896
1130083
1130115
1130246
1130484
1130588
1130760
1130842
1131162
1131204
1131234
1131495
1131546
1131973
1132281
1132440
1132515
1132651
1132958
1132961
1133201
1133275
1133789
1133825
1133847
1134157
1134258
1134490
1134502
1134593
1135177
1135254
1135312
1135458
1135536
1135542
1135814
1135841
1136299
1136745
1136852
1136971
1137234
1137530
1137619
1137774
1137809
1137824
1137924
1138068
1138324
1138571
1138655
1139084
1139379
1139936
1140133
1140168
1140335
1140540
1140725
1140757
1140896
1141086
1141285
1141351
1141456
1142129
1142461
1142503
1142884
1143661
1144120
1144643
1144869
1144965
1145012
1145604
1146121
1146154
1146159
1146325
1146702
1146703
1146934
1147032
1147063
1147102
1147254
1147330
1147453
1147706
1147715
1147980
1148544
1148618
1148899
1149108
1149193
1149630
1149745
1150716
1151470
1151738
1153350
1153751
1153816
1153951
1154405
1154546
1154617
1154664
1154847
1154940
1154960
1155077
1155172
1155297
1155419
1155671
1156137
1156216
1156338
1156390
1156554
1156732
1156741
1156860
1156945
1156946
1157048
1157229
1157493
1157659
1157855
1157878
1158212
1158388
1158636
1158721
1158996
1159288
1159379
1159686
1159928
1160330
1160427
1160591
1161224
1161296
1161448
1161492
1161994
1162064
1162245
1162825
1162988
1163226
1163987
1164091
1164209
1164234
1164509
1164627
1164937
1164954
1165057
1165069
1165073
1165490
1165639
1166028
1166136
1166157
1166457
1166874
1166881
1167053
1167248
1167346
1167523
1167656
1168022
1168030
1168089
1168281
1168430
1168764
1169106
1169113
1169126
1169638
1169960
1170317
1170453
1170824
1171267
1171467
1171632
1171754
1171839
1172020
1172340
1172504
1172724
1172828
1173093
1173908
1173926
1173991
1174272
1174358
1174583
1174702
1174774
1175041
1175099
1175124
1175129
1175134
1175172
1175178
1175231
1175280
1175293
1175324
1175616
1175697
1176100
1176148
1176224
1176444
1176720
1177333
1177680
1177699
1177858
1178099
1178214
1178385
1178668
1179166
1179228
1179478
1179720
1179755
1180169
1180194
1180473
1180508
1180942
1181245
1181326
1181359
1181449
1181605
1181783
1181879
1181904
1181906
1182597
1182897
1182989
1183088
1183132
1183739
1183864
1184277
1184279
1184537
1185099
1185145
1185310
1185342
1185397
1185547
1185583
1185890
1186047
1186073
1186194
1186296
1186321
1186489
1186510
1186561
1186679
1186843
1187042
1187471
1187669
1187673
1187713
1187730
1187766
1188048
1188092
1188660
1188945
1189103
1189206
1189314
1189403
1189446
1189532
1189564
1189814
1190142
1190394
1190472
1190909
1191987
1192015
1192274
1192514
1192597
1192646
1192665
1192768
1192825
1192871
1193178
1194300
1194758
1194820
1195007
1195091
1195104
1195157
1195631
1195669
1196009
1196049
1196195
1196276
1196398
1196781
1196897
1197004
1197071
1197239
1197819
1197984
1198535
1198888
1199154
1199258
1199559
1199707
1199988
1200009
1200177
1200274
1200366
1200462
1201119
1201215
1201253
1201763
1202256
1202290
1202606
1202938
1203330
1203662
1203734
1203755
1204004
1204300
1204458
1204557
1204611
1204684
1204734
1204853
1204930
1204945
1205249
1205260
1205814
1205861
1206163
1206262
1206327
1206785
1206833
1207640
1207703
1207722
1208243
1208431
1208916
1209201
1209331
1209426
1209887
1209917
1210153
1210362
1210426
1210605
1210794
1210926
1211423
1212132
1212140
1212160
1212443
1212681
1212738
1212776
1212963
1213047
1213050
1213090
1213105
1213684
1214013
1214013
1214131
1214188
1214518
1214561
1214698
1214829
1214907
1214925
1215027
1215169
1215377
1215769
1215898
1215962
1215995
1216034
1216070
1216666
1216954
1217084
1217331
1217400
1217577
1217801
1217828
1217949
1218462
1218660
1219101
1219172
1219208
1219347
1219445
1219672
1219673
1219683
1219964
1220245
1221648
1221952
1221999
1223679
1223740
1223884
1224100
1225630
1225659
1226076
1226147
1226159
1226390
1226430
1226453
1226521
1226761
1226864
1227139
1228029
1228384
1228421
1228626
1229088
1229219
1229521
1229586
1229930
1230133
1230239
1230314
1230693
1230711
1230752
1231358
1231697
1231778
1231791
1231806
1232372
1232474
1233143
1233484
1233583
1233687
1234017
1234394
1234548
1234615
1234988
1235543
1235701
1235724
1236074
1236325
1236331
1236864
1236919
1236991
1237021
1237045
1237270
1237549
1237964
1238284
1238593
1238708
1238806
1238864
1239096
1239170
1239370
1239610
1240366
1240394
1240967
1241178
1241217
1241322
1241448
1241901
1242090
1242178
1242232
1242793
1243981
1244100
1244510
1244688
1245047
1245326
1245574
1245620
1245698
1245861
1245955
1246034
1246857
1247176
1247205
1247331
1247353
1247404
1247443
1247511
1247802
1247845
1247909
1248198
1248361
1248470
1248766
1249091
1249530
1249600
1249679
1249907
1250297
1250385
1250572
1250619
1250846
1251069
1251181
1251268
1251325
1251334
1251461
1251659
1252668
1252757
1252875
1252966
1252989
1252995
1253035
1253049
1253068
1253213
1253405
1253489
1253498
1253535
1253800
1254258
1254595
1254688
1254773
1254922
1255214
1255392
1255595
1255799
1256079
1256545
1256738
1256753
1256886
1257160
1257356
1257480
1257614
1258105
1258326
1259300
1259775
1260575
1260789
1260921
1261134
1261405
1262182
1262313
1262424
1262596
1262642
1262679
1262756
1262765
1262805
1262932
1262986
1263745
1263955
1264066
1264096
1264290
1264383
1264547
1264640
1264947
1265269
1265360
1265461
1265552
1265625
1265844
1266582
1266784
1267369
1267397
1267439
1267471
1268221
1268428
1268527
1268908
1269270
1269434
1269670
1269722
1270958
1271038
1271171
1271407
1271571
1272312
1272536
1272556
1273129
1273509
1273641
1274130
1274460
1274655
1274963
1275147
1275780
1275850
1275970
1276573
1276639
1276766
1276779
1277055
1277358
1277366
1277582
1277800
1278983
1279047
1279109
1279322
1279367
1279383
1279402
1279865
1280397
1280772
1280837
1281146
1281231
1281833
1281944
1282506
1282712
1282720
1282842
1282892
1282919
1283514
1283831
1284599
1284754
1284756
1284811
1284968
1285396
1286795
1286804
1287360
1287676
1287877
1287940
1288004
1288139
1289456
1289524
1289879
1289935
1290135
1290634
1290692
1291787
1291821
1292590
1292610
1292695
1292734
1292769
1292943
1293019
1293078
1293396
1293592
1293659
1294104
1294279
1294288
1294325
1294566
1294597
1294791
1294893
1295271
1295519
1295682
1295800
1295909
1296057
1296090
1296135
1296523
1296654
1296686
1297324
1298105
1298183
1298526
1298527
1298711
1298848
1298871
1298937
1299110
1299202
1299658
1299710
1300157
1300211
1300265
1300622
1301262
1301351
1301458
1301739
1302009
1302323
1302586
1302801
1302985
1303545
1303828
1303906
1304291
1304577
1304874
1304911
1305373
1305623
1305635
1305704
1306459
1306688
1306759
1306981
1307288
1307303
1307440
1307556
1307603
1307928
1308069
1308129
1308267
1308387
1308875
1309054
1309135
1309315
1309462
1309648
1309846
1311002
1311168
1311210
1311255
1311460
1312519
1312677
1312683
1312974
1313175
1313414
1313432
1313551
1313677
1314836
1315088
1315121
1315285
1315310
1315382
1315822
1315888
1315953
1316005
1316009
1316108
1316127
1316573
1316598
1316799
1316901
1317119
1317241
1317277
1317349
1317544
1317909
1318812
1319128
1319201
1319208
1319603
1319635
1319678
1319692
1320116
1320137
1320344
1320427
1320922
1321105
1321210
1321323
1321374
1321442
1321804
1321810
1321820
1322360
1322444
1323034
1323305
1323322
1323557
1324487
1324938
1324957
1325004
1325264
1325282
1325356
1325551
1325702
1325914
1325930
1326055
1326175
1326431
1326608
1326731
1326999
1327441
1327563
1327769
1327773
1327938
1328035
1328190
1328265
1328845
1328972
1329108
1329382
1329429
1329502
1329837
1329882
1330111
1330258
1330521
1330693
1331020
1331378
1331388
1331719
1331848
1332449
1332633
1333153
1333233
1333472
1333560
1333993
1334402
1334541
1334594
1334612
1334677
1334739
1335128
1335236
1335473
1335879
1336187
1336450
1336450
1336496
1336910
1336975
1337840
1337911
1338164
1338723
1339023
1339075
1339117
1339224
1339288
1339335
1339389
1339558
1339656
1339956
1340555
1340791
1340831
1341406
1341653
1342065
1342150
1342439
1342681
1343065
1343081
1343479
1344497
1344529
1344594
1344711
1344722
1344754
1344866
1345056
1345188
1345262
1345572
1345615
1346154
1346269
1346379
1346434
1346538
1346547
1347321
1347509
1347595
1347928
1348242
1348922
1348978
1349028
1349030
1349032
1349503
1349531
1351661
1351992
1352094
1352183
1352203
1352659
1353052
1353136
1353784
1353901
1354336
1354361
1354459
1355090
1355699
1355917
1355971
1356003
1356005
1356031
1356106
1356267
1356659
1356731
1356833
1357034
1357277
1357507
1357853
1357858
1357897
1357913
1357955
1358037
1358395
1359140
1359406
1359522
1359631
1359714
1359869
1359915
1360184
1360205
1360415
1360463
1360776
1360804
1360890
1361249
1361581
1361720
1362170
1362538
1362583
1362759
1362829
1362952
1363050
1363232
1363278
1363778
1363887
1363922
1363949
1364359
1364537
1365209
1365346
1365415
1365416
1365436
1365610
1365796
1365957
1366082
1366336
1366444
1366464
1367397
1367402
1367540
1367586
1367779
1367889
1367934
1367957
1368712
1369019
1369838
1369904
1369955
1370137
1370318
1370967
1371242
1371317
1371450
1371883
1372068
1372096
1372236
1372836
1373147
1373291
1373418
1373581
1373756
1374139
1374264
1374310
1374550
1374822
1375466
1375516
1375677
1375680
1375802
1375815
1376098
1376157
1376374
1377076
1377115
1377239
1377251
1377454
1377485
1377703
1378267
1378299
1378685
1378770
1379212
1379817
1380087
1380118
1380184
1380388
1380430
1381165
1381398
1381415
1381440
1381601
1381637
1381710
1381979
1382193
1382324
1382349
1382407
1382955
1383167
1383299
1383491
1383579
1383867
1384054
1384056
1384632
1384766
1384910
1385110
1385365
1385420
1385467
1385980
1386219
1386259
1386277
1386315
1386790
1386800
1387108
1387583
1387694
1387937
1387990
1388070
1388976
1388984
1389057
1389234
1389520
1390390
1390557
1391384
1391545
1391594
1391691
1391719
1391741
1391795
1391851
1391903
1391961
1392269
1393121
1393336
1393373
1393470
1393483
1393584
1393611
1393834
1393857
1393867
1394273
1394340
1394403
1394936
1394983
1395212
1395388
1395516
1395534
1395680
1396475
1396635
1396814
1396914
1396945
1397223
1397689
1397770
1398073
1398085
1398430
1399060
1399290
1399297
1399668
1400243
1400582
1400793
1400797
1400835
1401128
1401499
1401625
1401797
1401869
1402394
1402622
1402894
1402984
1403022
1403023
1403195
1404079
1404121
1404392
1404474
1404487
1404649
1404753
1404974
1405063
1405128
1405990
1406137
1406263
1406368
1406492
1406612
1406721
1406749
1407227
1407338
1407972
1408070
1408083
1408085
1408254
1408745
1408906
1408968
1408972
1409041
1409771
1409830
1410264
1410460
1411017
1411205
1411222
1411347
1411751
1411756
1412024
1412318
1413255
1413478
1413510
1413545
1413677
1414111
1414482
1414794
1414945
1415095
1415284
1415453
1415711
1415738
1416352
1416458
1416717
1416742
1417936
1418180
1418328
1418768
1418949
1419066
1419182
1419319
1419844
1419887
1420121
1420265
1420271
1420304
1420731
1421210
1421339
1421535
1421890
1422590
1422659
1422679
1422762
1422815
1423307
1423671
1423783
1423880
1423928
1424665
1424922
1425293
1425913
1425943
1426188
1426192
1426248
1426394
1426740
1427013
1427239
1427422
1427641
1427875
1427932
1427935
1428151
1428702
1428757
1429127
1429151
1429289
1429301
1429547
1429887
1430035
1430164
1430166
1430200
1430255
1430615
1431029
1431145
1431180
1431392
1431469
1431678
1431844
1432005
1433105
1433219
1433229
1433372
1433460
1434049
1434448
1434490
1434888
1434922
1435130
1435196
1435202
1435364
1435545
1435932
1435999
1436796
1437138
1437533
1437889
1438083
1438342
1438380
1438532
1438769
1438892
1440617
1440621
1440865
1441251
1441336
1441387
1441427
1441493
1441793
1442732
1442733
1442782
1442938
1443144
1443319
1443379
1443547
1443839
1443928
1444189
1444531
1444886
1444945
1445392
1445784
1446339
1446449
1446465
1446554
1446888
1446901
1446946
1447238
1447522
1447541
1447606
1447742
1447879
1447960
1448144
1448710
1448878
1448905
1448910
1448916
1449056
1449170
1449579
1449812
1450202
1450842
1451122
1451568
1451632
1451650
1451776
1451782
1451867
1451934
1452048
1452366
1452713
1452807
1452860
1453019
1453260
1453390
1453431
1453480
1453535
1453723
1453809
1453954
1454120
1454176
1454540
1454792
1454827
1454908
1455382
1456133
1456316
1457132
1457689
1457765
1457905
1458312
1458320
1458590
1458807
1459036
1459069
1459175
1459291
1459997
1460026
1460224
1460317
1460419
1460914
1461016
1461045
1461230
1461288
1461370
1461946
1461981
1462202
1462271
1462430
1463144
1463225
1463789
1463848
1463987
1464052
1464244
1464815
1464838
1464966
1465069
1465802
1466028
1466054
1466077
1466333
1466667
1466679
1467509
1467601
1467953
1468370
1468526
1468540
1468854
1469263
1469332
1469484
1469576
1469586
1469654
1469721
1469890
1470002
1470043
1470465
1470545
1470669
1470701
1471599
1471640
1471870
1471998
1472160
1472436
1472991
1473215
1473390
1473521
1473579
1473844
1473861
1474195
1474479
1475181
1475395
1475628
1475774
1475938
1476044
1476374
1476392
1476474
1476930
1476975
1477080
1477263
1477444
1477450
1477627
1477802
1478271
1478308
1478396
1478417
1478529
1479077
1479469
1479567
1479810
1479986
1480197
1480875
1480929
1481029
1481113
1481283
1481532
1481594
1481680
1482020
1482360
1482432
1483090
1483392
1483411
1483445
1483507
1483673
1483738
1483755
1484002
1484115
1484117
1484158
1484334
1484492
1484508
1484542
1485148
1485658
1486150
1486305
1486598
1486997
1487206
1487349
1487935
1488289
1489230
1489429
1489494
1489762
1489833
1489913
1490218
1490364
1490597
1490612
1490712
1491119
1491186
1491194
1491869
1492133
1492167
1492826
1492835
1492841
1493458
1493823
1494516
1494838
1494859
1495587
1496350
1496530
1497099
1497356
1497439
1497443
1497812
1497892
1497985
1498015
1498053
1498142
1498236
1498411
1498534
1498859
1498927
1498979
1499084
1499217
1499470
1499548
1499604
1499802
1499862
1500522
1500558
1500733
1500765
1500773
1501123
1501190
1501304
1501477
1502013
1502502
1502796
1502904
1502987
1503064
1503416
1503480
1503539
1504046
1505818
1505845
1506445
1506758
1506846
1506851
1507002
1507088
1507142
1507347
1507424
1507630
1507978
1508250
1508585
1508729
1508955
1509253
1509319
1509543
1509921
1510388
1510391
1510504
1510574
1510728
1510907
1511325
1511845
1511987
1512068
1512193
1512313
1512484
1512499
1512559
1512839
1512987
1513441
1513444
1513611
1513638
1513735
1513774
1513839
1514213
1514350
1515140
1515203
1515378
1515840
1516047
1516133
1516339
1516499
1516623
1516678
1516868
1516871
1517110
1517283
1517320
1517405
1517870
1518015
1518075
1518120
1518449
1518490
1518661
1518693
1518986
1519038
1519228
1519425
1519628
1519710
1520173
1520327
1520445
1520868
1520909
1521544
1521584
1521793
1521991
1522098
1522123
1522233
1522547
1522623
1522909
1522925
1523054
1523233
1523493
1523576
1523852
1523860
1524170
1524181
1524338
1524393
1524674
1524723
1524737
1524811
1524990
1525375
1525433
1525558
1525582
1526259
1526296
1526340
1526400
1526499
1528751
1528787
1528813
1529193
1529355
1529432
1530012
1530437
1530758
1530914
1531060
1531208
1531268
1531377
1531647
1531720
1532565
1532729
1532798
1532971
1533350
1533562
1533611
1533674
1534273
1534756
1534920
1535253
1535271
1535616
1536224
1536254
1536486
1537049
1537097
1537100
1537537
1537539
1537557
1538049
1538202
1538469
1538683
1538768
1538786
1539283
1539432
1539505
1539698
1539780
1539814
1539855
1539952
1540113
1540449
1541225
1541241
1541710
1542794
1542874
1543225
1543261
1543610
1543997
1544036
1544078
1544131
1544429
1544587
1544747
1544936
1545175
1545428
1545997
1546147
1546257
1546467
1546605
1546801
1546990
1547257
1547308
1547424
1547481
1548021
1548060
1548538
1549075
1549129
1549233
1549292
1549735
1549834
1550091
1550162
1550304
1550611
1550614
1551005
1551208
1551306
1551311
1551610
1551616
1551680
1551795
1551797
1551994
1552070
1552178
1552299
1552355
1552467
1552627
1552850
1552968
1553021
1553168
1553670
1553931
1554305
1555098
1555160
1555463
1555464
1555540
1555629
1555877
1556000
1556430
1556762
1557551
1557713
1557773
1557810
1557854
1557909
1558236
1558316
1558355
1558513
1558949
1559104
1559290
1559801
1560125
1560512
1561066
1561214
1561276
1561295
1561458
1561715
1561815
1561815
1562827
1563274
1563456
1563488
1563708
1563902
1564550
1564647
1564786
1564801
1565621
1565634
1565934
1566321
1566482
1566886
1567100
1567178
1567275
1567601
1567786
1567845
1567999
1568105
1568132
1568158
1568866
1568879
1569068
1569113
1569120
1569332
1569957
1570174
1570205
1570349
1570644
1570678
1570710
1570845
1570985
1571125
1571559
1571589
1571615
1571651
1571737
1571741
1571830
1571995
1572029
1572099
1572450
1572460
1572505
1572604
1572606
1572816
1572974
1573195
1573224
1573234
1573294
1573539
1573656
1573662
1574063
1574147
1574280
1574343
1574472
1574621
1574870
1575068
1575549
1575658
1575784
1576027
1576033
1576097
1576156
1576239
1576320
1576573
1576717
1577151
1577400
1577408
1577572
1577608
1577659
1577816
1578401
1578621
1579118
1579628
1579766
1579781
1579903
1579910
1580021
1580092
1580192
1580375
1580615
1581028
1581303
1581308
1581801
1581995
1582572
1582773
1582888
1583254
1583431
1583581
1583927
1584086
1584281
1584765
1585152
1585260
1585292
1585365
1585988
1586146
1586157
1586404
1586495
1586826
1586868
1586950
1586963
1587044
1587075
1587142
1587162
1587392
1587579
1587969
1588623
1588640
1589129
1589256
1589403
1589452
1590041
1590096
1590177
1591145
1591416
1591982
1593189
1593291
1593302
1593396
1593598
1593648
1593972
1594014
1594278
1594535
1594960
1595169
1595418
1595583
1595646
1595705
1595779
1595784
1596011
1596196
1596270
1596489
1597295
1597435
1597645
1598109
1598264
1598482
1598587
1598624
1598824
1599296
1599327
1600098
1600103
1600110
1600156
1600281
1600330
1600910
1601112
1601355
1601401
1601886
1601954
1602163
1602175
1602426
1602552
1602653
1602683
1602853
1602870
1603605
1603904
1603947
1604143
1604541
1604711
1604732
1605002
1605110
1605334
1605334
1605483
1605558
1605663
1605772
1606003
1606812
1606951
1607246
1607315
1607407
1607475
1608021
1608251
1608299
1608413
1608803
1608906
1609040
1609439
1609888
1609981
1610128
1610325
1610465
1610497
1610547
1611208
1611565
1611875
1611991
1612176
1612571
1612794
1613076
1613525
1613626
1613703
1614115
1614274
1614295
1614331
1614464
1615246
1615573
1615948
1615999
1616126
1616963
1617036
1617045
1617121
1617295
1617760
1617901
1618203
1618219
1618332
1618341
1618366
1618569
1618954
1618957
1618990
1619092
1619238
1619280
1619341
1619749
1619942
1620007
1620018
1620031
1620118
1620134
1621055
1621229
1621451
1621641
1621645
1621778
1621880
1621964
1621978
1622016
1622084
1622159
1622341
1622444
1622549
1622857
1622882
1623753
1623963
1624024
1624152
1624170
1624220
1624437
1624902
1625763
1625822
1625969
1626140
1626216
1626269
1626663
1626869
1626895
1627075
1627327
1627484
1627878
1628027
1628108
1628175
1628278
1628550
1629732
1630027
1630185
1630204
1630469
1630490
1630773
1630812
1631192
1631254
1631442
1631564
1631861
1632011
1632152
1632186
1632593
1632677
1633267
1633593
1633595
1633834
1634089
1634188
1634195
1634342
1634436
1634689
1634883
1634940
1635375
1635569
1636560
1636671
1636807
1636829
1636859
1637143
1637668
1637744
1638027
1638185
1638378
1638433
1638490
1638560
1638812
1639175
1639459
1639552
1639582
1640012
1640193
1640339
1640395
1641225
1641293
1641468
1641620
1641768
1641807
1642122
1642130
1642659
1642961
1642982
1643010
1643038
1643103
1643213
1643326
1643444
1643448
1643700
1643882
1643927
1644036
1644104
1644772
1644781
1644792
1644812
1645049
1645135
1645373
1645413
1645437
1645564
1645616
1645624
1645780
1646266
1646591
1646677
1647063
1647824
1647851
1648062
1648185
1648544
1649079
1649141
1649340
1649590
1649603
1649635
1650247
1650447
1650492
1650510
1650660
1650679
1650742
1650786
1650916
1650984
1651728
1651777
1651810
1651879
1652125
1652193
1652246
1652507
1652764
1652824
1652971
1653166
1653262
1653328
1653467
1653906
1654073
1654087
1654147
1654289
1654508
1654726
1655249
1655264
1655994
1656105
1656439
1656510
1656607
1656697
1656703
1656736
1656853
1656885
1657257
1657520
1657699
1658014
1658181
1658482
1659219
1659466
1659557
1659998
1660046
1660533
1660662
1661801
1661844
1661978
1662204
1662350
1662657
1662895
1662934
1663087
1663110
1663412
1663517
1663639
1663802
1663947
1664079
1664602
1664816
1664979
1664995
1665548
1665690
1665762
1665790
1665818
1666260
1666832
1666860
1666964
1667855
1667960
1667977
1668184
1668231
1668607
1668769
1669116
1669192
1669486
1669792
1669957
1670372
1670618
1670820
1670991
1671163
1671362
1671463
1671575
1671776
1672117
1672136
1672302
1672732
1673058
1673286
1673298
1673390
1673443
1673469
1673489
1673672
1673888
1674154
1674262
1674558
1674634
1674652
1674958
1675126
1675634
1675673
1676031
1676042
1676245
1676451
1676484
1676506
1676666
1676727
1676869
1677017
1677634
1677642
1677846
1677961
1678437
1678681
1678757
1678989
1679158
1679305
1679314
1679337
1679383
1679613
1679726
1679793
1679880
1680034
1680295
1680518
1680562
1680884
1681136
1681251
1681470
1681506
1682294
1682522
1682758
1682813
1682884
1682988
1683131
1683456
1683628
1683697
1684157
1684426
1684594
1684641
1684843
1684938
1685457
1685567
1685603
1685680
1685800
1686124
1686206
1686317
1686626
1686842
1686929
1687014
1687137
1687530
1687982
1688314
1688438
1688478
1688640
1688841
1689111
1689313
1689674
1689823
1689834
1689945
1690039
1690171
1690377
1690782
1690859
1690887
1690922
1691508
1691909
1692376
1693103
1693133
1693202
1693329
1694065
1694526
1694644
1694788
1694827
1694856
1694867
1695063
1695067
1695117
1695637
1695704
1695753
1695756
1695841
1696154
1696651
1696689
1696745
1697078
1697088
1697556
1697754
1697775
1697912
1698483
1698584
1698839
1698863
1699036
1699577
1699814
1699908
1700213
1700302
1700563
1700609
1700630
1700809
1701175
1701376
1701451
1702070
1702153
1702189
1702458
1702664
1702766
1702840
1703193
1703309
1703314
1703352
1703642
1704351
1704361
1704577
1704625
1704824
1704869
1705382
1705402
1705782
1705825
1705860
1706222
1706817
1707111
1707876
1708079
1708438
1708443
1708573
1708972
1709382
1709465
1709652
1709687
1710350
1710401
1710576
1710668
1710734
1710820
1711304
1711499
1712011
1712826
1712831
1712836
1712886
1713061
1713099
1713156
1713424
1713603
1713915
1713929
1714309
1714380
1714543
1714854
1714858
1714889
1715032
1715263
1715860
1716070
1716320
1716503
1716712
1717310
1717373
1717597
1717825
1717991
1718193
1718315
1718348
1718471
1718474
1718550
1718614
1718685
1718738
1718905
1719169
1719225
1719368
1719495
1719809
1719906
1720068
1720377
1720382
1720491
1720648
1720992
1721086
1721778
1722047
1722237
1722330
1722751
1722840
1722892
1723376
1723715
1723739
1723739
1723753
1723839
1724136
1724167
1724306
1724761
1724764
1725408
1725589
1726291
1726550
1726729
1726874
1726877
1726927
1727235
1727725
1728395
1728634
1728944
1729399
1729547
1729616
1729904
1730161
1730534
1730590
1730844
1731234
1731265
1731487
1731758
1731916
1732032
1732959
1733525
1733971
1734155
1734563
1734606
1734875
1735096
1735425
1735591
1736875
1737186
1737390
1737576
1737968
1738260
1738448
1738454
1738494
1738632
1738763
1739235
1740351
1740432
1740646
1740745
1741157
1741333
1741637
1741668
1742459
1742588
1742591
1742658
1742862
1742996
1743278
1743706
1743870
1744377
1744526
1744594
1744944
1745000
1745238
1745451
1745553
1745999
1746282
1746283
1746345
1746619
1746638
1746767
1747026
1747175
1747367
1747498
1747644
1747693
1747869
1748018
1748022
1748126
1748614
1748731
1748983
1749380
1749445
1749691
1749715
1749746
1750292
1750348
1750361
1750394
1750617
1750659
1750794
1751032
1751065
1751110
1751185
1751534
1751852
1751868
1752481
1752544
1752634
1752691
1753005
1753165
1753255
1753263
1753288
1753366
1753487
1753519
1753729
1753974
1754215
1754630
1754656
1754711
1754724
1754859
1755004
1755137
1755240
1755241
1755521
1755653
1755811
1755892
1756123
1756428
1756608
1756614
1756711
1757181
1757354
1757560
1757815
1757871
1758344
1758454
1759093
1759183
1759276
1759605
1759729
1759845
1760050
1760360
1760378
1760404
1761358
1761567
1761778
1761929
1762249
1762968
1763041
1763670
1763879
1763912
1763941
1764022
1764065
1764126
1764490
1764835
1765022
1765136
1765674
1765738
1765792
1765976
1766047
1766677
1766855
1766885
1767119
1767513
1767626
1767734
1768009
1768165
1768453
1768824
1769068
1769262
1769319
1769661
1769750
1770012
1770505
1770663
1770686
1770777
1770785
1770975
1771048
1771392
1771510
1771701
1771820
1771831
1772573
1772948
1773137
1773157
1773162
1773240
1773319
1773322
1773773
1774194
1774200
1774840
1774928
1775399
1775530
1775689
1775716
1776501
1776619
1776690
1776930
1776996
1777142
1777145
1777342
1778007
1778512
1779294
1779487
1779523
1779685
1779857
1779862
1779995
1780004
1780493
1780543
1780568
1780635
1780914
1781148
1781232
1781631
1782067
1782365
1782447
1782594
1782640
1782641
1782948
1783052
1783089
1783107
1783151
1783293
1783386
1783723
1783735
1783939
1784000
1784116
1784219
1784527
1784818
1785163
1785605
1785831
1786226
1786804
1787110
1788314
1788323
1789113
1789136
1789274
1789548
1789861
1790054
1790131
1790417
1790593
1790954
1790964
1791251
1791432
1791803
1791989
1792107
1792130
1792582
1793051
1793139
1793366
1793380
1794126
1794210
1794609
1795073
1795449
1795686
1795842
1795938
1796103
1796129
1796751
1796887
1796890
1797523
1797630
1797674
1797730
1798384
1798849
1799472
1799524
1799909
1800022
1800027
1800039
1800059
1800250
1800386
1800411
1800568
1800726
1800791
1800915
1800951
1801307
1801634
1802007
1802057
1802300
1802650
1802718
1803039
1803083
1803086
1803153
1803244
1803407
1803437
1803598
1804238
1804426
1804580
1804613
1805300
1805311
1805344
1805931
1806173
1806335
1806785
1806842
1807297
1808035
1808191
1808321
1808485
1808761
1808998
1810002
1810154
1810174
1810310
1810428
1810539
1810672
1810751
1810816
1811103
1811161
1811175
1811374
1811718
1811843
1812291
1812824
1812826
1812920
1813175
1813238
1813884
1813973
1814247
1814904
1815248
1815317
1815553
1815760
1815880
1815906
1816182
1816203
1816508
1816717
1816725
1817082
1817132
1817296
1817564
1817652
1817847
1817989
1818267
1818566
1818574
1818607
1818793
1818983
1819001
1819028
1819082
1819274
1819654
1819907
1819948
1820386
1820604
1820844
1821297
1821300
1821502
1821578
1821739
1821825
1821913
1822605
1822659
1823176
1823262
1823925
1824083
1824151
1824246
1824338
1824887
1825115
1825247
1825296
1825460
1825867
1826227
1826547
1826774
1827204
1827306
1827534
1827858
1828332
1828477
1828759
1829270
1829675
1829803
1830489
1830564
1830632
1831201
1831324
1831349
1831858
1832208
1832236
1832360
1832617
1832844
1832975
1833044
1833488
1833558
1833638
1833837
1834207
1834464
1834659
1834700
1834817
1835374
1835463
1835588
1835676
1835701
1835732
1835850
1836143
1836373
1836756
1837173
1837288
1837406
1837586
1837605
1838520
1839369
1839505
1840329
1840412
1840731
1840763
1841313
1841358
1841654
1842055
1842603
1842737
1842737
1842920
1843005
1843050
1843189
1843606
1843656
1843666
1843670
1843861
1844127
1844658
1844659
1844804
1844851
1845182
1845327
1845658
1845706
1845774
1845851
1846443
1846718
1847297
1847391
1847617
1848005
1848389
1848406
1849068
1849151
1849589
1849606
1850217
1850530
1850668
1850717
1850851
1851261
1851457
1851664
1851708
1851829
1851859
1852070
1852100
1852405
1852564
1852621
1852630
1852765
1853376
1853554
1853561
1853606
1853631
1853889
1854092
1854102
1854165
1854233
1854236
1854649
1855033
1855247
1855787
1855896
1856078
1856123
1856182
1856709
1856759
1856950
1856953
1857273
1857364
1857542
1857712
1857793
1857842
1857907
1858096
1858382
1858388
1858535
1858897
1859126
1859238
1859240
1859321
1859619
1859693
1859985
1860030
1860562
1860713
1860897
1861306
1861576
1861612
1861766
1862194
1862242
1862660
1863801
1863803
1863883
1864077
1864160
1864479
1864839
1865010
1865073
1865281
1865321
1865502
1865950
1866488
1866674
1866878
1867233
1867338
1867459
1867562
1867904
1867948
1868068
1868429
1868516
1868711
1869463
1869488
1869982
1870122
1870246
1870753
1870917
1870985
1871136
1871589
1871655
1871655
1871730
1871997
1872046
1872109
1872158
1872327
1872947
1873329
1873504
1873743
1874111
1874194
1874391
1874442
1874566
1874822
1875517
1875827
1875887
1875967
1876153
1876503
1876634
1877104
1877168
1877493
1877514
1877676
1877756
1877820
1877882
1877883
1878102
1878302
1878411
1878893
1878975
1879161
1879274
1879281
1879407
1879636
1879913
1879935
1881003
1881324
1881673
1881699
1881771
1881780
1881785
1882092
1882187
1882233
1882505
1882870
1883220
1883572
1883677
1883786
1883990
1883998
1884017
1884041
1884301
1884304
1884410
1884675
1884678
1884696
1884874
1884888
1884999
1885137
1885215
1885400
1885516
1885759
1885851
1886228
1886612
1887099
1887577
1887625
1887659
1887712
1887887
1888246
1888299
1888614
1888832
1889158
1889710
1890546
1891057
1891165
1891206
1891265
1891281
1891305
1891426
1891754
1891799
1892169
1892432
1892602
1892706
1892888
1893314
1893345
1893827
1893956
1894010
1894034
1894104
1894152
1894177
1894227
1895282
1895435
1895447
1896036
1896513
1896751
1896995
1897052
1897096
1897482
1897612
1897647
1898192
1898291
1898533
1898543
1898570
1898905
1899256
1899597
1900544
1900615
1900647
1900798
1900813
1900942
1901119
1901220
1901685
1901772
1901938
1902100
1902667
1903219
1903705
1904599
1904885
1904958
1905528
1905547
1905591
1905907
1905972
1906117
1906541
1906702
1906933
1907324
1907447
1907496
1907604
1907771
1907796
1908284
1908379
1908398
1908724
1908918
1908973
1909069
1909532
1909580
1909788
1910376
1910560
1910712
1910800
1910905
1910977
1911281
1911621
1912041
1912468
1912470
1912475
1912485
1913140
1913261
1913615
1913935
1914053
1914220
1914285
1914356
1914526
1914583
1915051
1915345
1915579
1916084
1916085
1916557
1916636
1916758
1916763
1916890
1916976
1917029
1917102
1917233
1917382
1917539
1917701
1917959
1918293
1918611
1919222
1919424
1919462
1919637
1919725
1920134
1921309
1921617
1921694
1921723
1921729
1922064
1922820
1923647
1923648
1924042
1924091
1924529
1924581
1924935
1925044
1925066
1925365
1925376
1925595
1926230
1926330
1926789
1926828
1926858
1927121
1927147
1927426
1927602
1927920
1927998
1928000
1928036
1928529
1928673
1930096
1930212
1930774
1930963
1931061
1931676
1931713
1931996
1932212
1932539
1933184
1934429
1934609
1934658
1934737
1934894
1935500
1935517
1935683
1935726
1935764
1936203
1936679
1936823
1936895
1937509
1937842
1938180
1938263
1938663
1938982
1939166
1939668
1941015
1941024
1941200
1941440
1941476
1941505
1941579
1941847
1941855
1941883
1941887
1941968
1942195
1942405
1942423
1942751
1942958
1943068
1943078
1943252
1943719
1943892
1944068
1944126
1944484
1944558
1944645
1944653
1944671
1944801
1944983
1945747
1945874
1946196
1946221
1946227
1946626
1946991
1946991
1947381
1947521
1947565
1947587
1947899
1947899
1948693
1948850
1948968
1949263
1949311
1949454
1949546
1949599
1949908
1949966
1950015
1950396
1950509
1950717
1950927
1951062
1951193
1951216
1951222
1951869
1951980
1952045
1952308
1952325
1952543
1952624
1953151
1953255
1953620
1953647
1953852
1953883
1954033
1954793
1955071
1955181
1955280
1955622
1955961
1956040
1956455
1956966
1957342
1957393
1958038
1958104
1958207
1958541
1958692
1958697
1958733
1958840
1958934
1959252
1960220
1960829
1961195
1961560
1961596
1961615
1962302
1962589
1962959
1963468
1963747
1963819
1964333
1964377
1964469
1964516
1964876
1964955
1965288
1965519
1965612
1965829
1966536
1967567
1967891
1967958
1968467
1968599
1968767
1968954
1968996
1969270
1969593
1969761
1969861
1970058
1970135
1970648
1970694
1970827
1971224
1971263
1971343
1971413
1971649
1971671
1971802
1972419
1972890
1973112
1973117
1973164
1973209
1973302
1973714
1974133
1974784
1975451
1975686
1976147
1976749
1976818
1977042
1977193
1977597
1977759
1977819
1977861
1977931
1978204
1978415
1978830
1979222
1979236
1979500
1979658
1979734
1979775
1980036
1980795
1981614
1981716
1981881
1982156
1982388
1982897
1983090
1983291
1983433
1983445
1983719
1984489
1984551
1984942
1985080
1985457
1985519
1985620
1985843
1985966
1986035
1986090
1986109
1986715
1986771
1986973
1987163
1987518
1987532
1988506
1988606
1988680
1988772
1989196
1989534
1990083
1990247
1990293
1990477
1990547
1990580
1990695
1991093
1991129
1991475
1991519
1991816
1992012
1992278
1992572
1992765
1992998
1993363
1993504
1993562
1993598
1993864
1993870
1993910
1994379
1994765
1995399
1995727
1995924
1996035
1996058
1996287
1996405
1996752
1997054
1997526
1997622
1997628
1997864
1998031
1998035
1998146
1998173
1998196
1998383
1998404
1998718
1998750
1998768
1998921
1999053
1999511
1999605
1999753
1999963
1999995
2000009
2000883
2000978
2001778
2001876
2002549
2003089
2003183
2003482
2003547
2003779
2003971
2004297
2004374
2004450
2004754
2004874
2004882
2005124
2005171
2005338
2006082
2006158
2006277
2006281
2006304
2006654
2007005
2007306
2007443
2007505
2007561
2007659
2008039
2008177
2008197
2008230
2008291
2008992
2009017
2009141
2009351
2009448
2010091
2010471
2010662
2010804
2010859
2010901
2011254
2011374
2011506
2011670
2011815
2012278
2012356
2013168
2013228
2013767
2014117
2014668
2014679
2014714
2014746
2015143
2015190
2015232
2015262
2015626
2015666
2015911
2016003
2016063
2016184
2016224
2016913
2017264
2017655
2018023
2018081
2018358
2018362
2018619
2018986
2019063
2019515
2019550
2019668
2019760
2019777
2019839
2019901
2020036
2020918
2021161
2021331
2021612
2021726
2021800
2022270
2022376
2023377
2023532
2023872
2024039
2024064
2024500
2024638
2024709
2025118
2025488
2025500
2026117
2026223
2026448
2026637
2026710
2027511
2027538
2027590
2027669
2027861
2028064
2028514
2028526
2028702
2029473
2029578
2029651
2029714
2029724
2030110
2030153
2030385
2030612
2030865
2031209
2031232
2031388
2031540
2031699
2031800
2031859
2032172
2032409
2032587
2032679
2032970
2033029
2033071
2033127
2033313
2033349
2033737
2034029
2034407
2034684
2034691
2034699
2034849
2034939
2035171
2035987
2035996
2036060
2036284
2036408
2036447
2036912
2036969
2037154
2037313
2037354
2037405
2037535
2037622
2037771
2038008
2038385
2038507
2038754
2038993
2039049
2039148
2039405
2039798
2040032
2040327
2040587
2041219
2041262
2041476
2041781
2042111
2042241
2042601
2042648
2042826
2043191
2043449
2043525
2043594
2043903
2044051
2044216
2045197
2045235
2045464
2045505
2045713
2045886
2046005
2046133
2046254
2046751
2046879
2046964
2047296
2047556
2047886
2048027
2048112
2048222
2048378
2048671
2048707
2048772
2049026
2049840
2049844
2050186
2050277
2050360
2050404
2050806
2050861
2051129
2051242
2051395
2051857
2052251
2052311
2052558
2052738
2053199
2053221
2053738
2054710
2054730
2054831
2055144
2055269
2055456
2055733
2056416
2056547
2056592
2056595
2056690
2057081
2057150
2057178
2057319
2057419
2057466
2057472
2057512
2057782
2058088
2058218
2058326
2058663
2058930
2059306
2059474
2059986
2060003
2060106
2060298
2060413
2060827
2061178
2061185
2061216
2061289
2061556
2061656
2061721
2062521
2062727
2062943
2063565
2063584
2064448
2064749
2064971
2065117
2065119
2065448
2066215
2066484
2066545
2066706
2066874
2067219
2067232
2067244
2067278
2067940
2068199
2068938
2069038
2069165
2069228
2069332
2069546
2069806
2070494
2070553
2070662
2071003
2071066
2071173
2071751
2072139
2072143
2072350
2072650
2072708
2072786
2072795
2073094
2073424
2073844
2074071
2074173
2074461
2075638
2075702
2075761
2075846
2075939
2076176
2076355
2076357
2076446
2076926
2077193
2077734
2077946
2078214
2078360
2078437
2078562
2078621
2078996
2079295
2079345
2080070
2080119
2080246
2080501
2080655
2080681
2080803
2081406
2081547
2081588
2081930
2082169
2082437
2083035
2083247
2084240
2084372
2084476
2084899
2084936
2084971
2085044
2085082
2085315
2085716
2085834
2086079
2086619
2086701
2087058
2087338
2087356
2087597
2088337
2088690
2089223
2090150
2090150
2090295
2090474
2090735
2090804
2090820
2090863
2091261
2091829
2091947
2092082
2092172
2092396
2092529
2093044
2093113
2093862
2093866
2093924
2093938
2094047
2094638
2094800
2095119
2095380
2095945
2096017
2096604
2097063
2097093
2097250
2097491
2097588
2097593
2097780
2097823
2097828
2098511
2098768
2098927
2099403
2099509
2099694
2099760
2099777
2100263
2100737
2101158
2101572
2101603
2101917
2101997
2102265
2102379
2103164
2103517
2103528
2103664
2103847
2103932
2104333
2104426
2104584
2104848
2105063
2105506
2105603
2106506
2107434
2107554
2107838
2107987
2108023
2108673
2108942
2109107
2109164
2109358
2109568
2109708
2109916
2110110
2110339
2110518
2110567
2110747
2110811
2110920
2111627
2111995
2112163
2112445
2112493
2112788
2113067
2113220
2113243
2113319
2113369
2113516
2113870
2113880
2114017
2114068
2114204
2114517
2114692
2114824
2114938
2115446
2115567
2115780
2115920
2115932
2116076
2116334
2116619
2116709
2116738
2117173
2117366
2117382
2117592
2117657
2117778
2117936
2118026
2118259
2118560
2118688
2118713
2118845
2119262
2119408
2119752
2119905
2119924
2120009
2120284
2120620
2120698
2120806
2120975
2121004
2121445
2121622
2121981
2122325
2122412
2122910
2122959
2123034
2123323
2123444
2123766
2123889
2124497
2124579
2124698
2124715
2124742
2124953
2125232
2125318
2125472
2126406
2126711
2126969
2127191
2127481
2128021
2128033
2128539
2128768
2128773
2128792
2128984
2129148
2129362
2129603
2130231
2130294
2130364
2130406
2130508
2130719
2130793
2130794
2130809
2130863
2131106
2131168
2131351
2131683
2131736
2131994
2132173
2132342
2132436
2132506
2132770
2132899
2132977
2133021
2134119
2134493
2135239
2135252
2135441
2135496
2135522
2135742
2135774
2135834
2135857
2135967
2136270
2136439
2136620
2136756
2136761
2136789
2137292
2137515
2137630
2137663
2137684
2137782
2137934
2138273
2138359
2138459
2138561
2138813
2138854
2138912
2139104
2139609
2140311
2140487
2140796
2141066
2141084
2141783
2141885
2142273
2142444
2142486
2142848
2143176
2143419
2143926
2143994
2144018
2144036
2144397
2144398
2144449
2144687
2144967
2144996
2145121
2145342
2145434
2145613
2145756
2145932
2146388
2147173
2147404
2147608
2147678
2148012
2148012
2148150
2148618
2149093
2149262
2149656
2149656
2149676
2149737
2149884
2150128
2150188
2150227
2150396
2150423
2150450
2150854
2151383
2151825
2151863
2152265
2152279
2152297
2153087
2153170
2153257
2153498
2153590
2153938
2153960
2154106
2154362
2154441
2154583
2154797
2154804
2155279
2156188
2156296
2156604
2156790
2156860
2156966
2157268
2157344
2157787
2157793
2157842
2157936
2157987
2158446
2159148
2159182
2159682
2159939
2160236
2160277
2160420
2160454
2160734
2161651
2161865
2162434
2162574
2162615
2162722
2162996
2163680
2163685
2163848
2163987
2164088
2164165
2164567
2164674
2164951
2165200
2165465
2165589
2165960
2165974
2166017
2166109
2166247
2166617
2166800
2166818
2167087
2167177
2167200
2167424
2167617
2168412
2168677
2169253
2169347
2169868
2169919
2170375
2170407
2170653
2170673
2171220
2171427
2171435
2171614
2171633
2171648
2171708
2171772
2171818
2171974
2172161
2172201
2172301
2172630
2172689
2172800
2173089
2173106
2173168
2173309
2173497
2173708
2173921
2173930
2174118
2174444
2174451
2174563
2174618
2174906
2174913
2175160
2175328
2176087
2176506
2176510
2176581
2176713
2176782
2176969
2177020
2177166
2177257
2177261
2177312
2177350
2177482
2177900
2178041
2178187
2178378
2178616
2178880
2179125
2179332
2179727
2179737
2180070
2180201
2180242
2180590
2180875
2180943
2181254
2181450
2181535
2181702
2182090
2182120
2182366
2182602
2182611
2182796
2183092
2183172
2183341
2183461
2183667
2183934
2184190
2184369
2184740
2184783
2184798
2184858
2184888
2185548
2185672
2185716
2185738
2186029
2186190
2186368
2186377
2186410
2186474
2186667
2186883
2186994
2187012
2187797
2187897
2188461
2188745
2189322
2189388
2189486
2189489
2189812
2189922
2189950
2190001
2190068
2190153
2190473
2191023
2191155
2191266
2191338
2191880
2191908
2192336
2192343
2192609
2192768
2192859
2192982
2192987
2193285
2194234
2194450
2194561
2194682
2194909
2195219
2195641
2195990
2195992
2196307
2196433
2196804
2197236
2197637
2197916
2197945
2198162
2198415
2198478
2198828
2199184
2199530
2199632
2200250
2200255
2200313
2200907
2201069
2201333
2201472
2201638
2201665
2201726
2201990
2202215
2202338
2202791
2203027
2203036
2203261
2203385
2203623
2203796
2203835
2204000
2204114
2204225
2204265
2204386
2204432
2204601
2204815
2204902
2204954
2205017
2205102
2205139
2205140
2205206
2206555
2206615
2207296
2207331
2207402
2207859
2208231
2208420
2208808
2208913
2208922
2209075
2209226
2209453
2209828
2209872
2209991
2210241
2210287
2210542
2210792
2210837
2210867
2210890
2210980
2211010
2211013
2211296
2211381
2211480
2211764
2212016
2212625
2213001
2213158
2213191
2213246
2213367
2213377
2213579
2213589
2213592
2213852
2214103
2214255
2214325
2214332
2214389
2214800
2215056
2215471
2215723
2215880
2215881
2216215
2216476
2216752
2216817
2217062
2217099
2217339
2217361
2217533
2217558
2217745
2217942
2218006
2218324
2218435
2218546
2218870
2219089
2219209
2219565
2219602
2220182
2220352
2220372
2220720
2220848
2221096
2221191
2221228
2221266
2221353
2221509
2221563
2221625
2221835
2222009
2222320
2222569
2222595
2223453
2224031
2224249
2224724
2224759
2224914
2225148
2225405
2225491
2225589
2225754
2225929
2226327
2226413
2226438
2226921
2226938
2227128
2227144
2227375
2227561
2227707
2227870
2227897
2228104
2228329
2228578
2228721
2228782
2228881
2229650
2229863
2229955
2230467
2230649
2230717
2230843
2230860
2231106
2231250
2231347
2231752
2231946
2232073
2232329
2232486
2233005
2233237
2233307
2233313
2233449
2233498
2233915
2233978
2233995
2234109
2234126
2234419
2234443
2234475
2234475
2234569
2234835
2235146
2235584
2235717
2235746
2235756
2235843
2235942
2236043
2236180
2236410
2236804
2237227
2237273
2237713
2238030
2238520
2239298
2239345
2239441
2239927
2240160
2240399
2240693
2241132
2241163
2241185
2241220
2241388
2241721
2241768
2242027
2242152
2242204
2242291
2242351
2243130
2243407
2243924
2244091
2244137
2244372
2244440
2244537
2245151
2245555
2245640
2245786
2245863
2245958
2246043
2246408
2246630
2246717
2246871
2248195
2248418
2248660
2248856
2248895
2249639
2249889
2249964
2250050
2250200
2250415
2250418
2250597
2250708
2250777
2251202
2251205
2251458
2251606
2252369
2252790
2253345
2253488
2253503
2253599
2254196
2254709
2254843
2254982
2255513
2255686
2255921
2255995
2256027
2256203
2256443
2256452
2256618
2256630
2256813
2257566
2257583
2258045
2258090
2258128
2258920
2258979
2259250
2259326
2259364
2259432
2259816
2259866
2260135
2260266
2260298
2260432
2260550
2260783
2261054
2261105
2261472
2261588
2261608
2261644
2261950
2262109
2262857
2262905
2263323
2263338
2263383
2263926
2263953
2264114
2264258
2264300
2264417
2264441
2264485
2264519
2264542
2264660
2265018
2265384
2265623
2265751
2265886
2266222
2266286
2266601
2266647
2266731
2266816
2266991
2267767
2267771
2267947
2268138
2268182
2268217
2268406
2268482
2268566
2268613
2269109
2269847
2269861
2270057
2270412
2270849
2271499
2271512
2271541
2271592
2271606
2271617
2271811
2271888
2271898
2271932
2272031
2272216
2272424
2272717
2272736
2273072
2273465
2273907
2273943
2273973
2274010
2274191
2274221
2274230
2275032
2275507
2275627
2275722
2275804
2276370
2276586
2276750
2276798
2276942
2277415
2277569
2277787
2277865
2277989
2278081
2278319
2278594
2278605
2278617
2278912
2279153
2279298
2279361
2279364
2279638
2279886
2280089
2280200
2280505
2280876
2280878
2281057
2281098
2281538
2281653
2282024
2282030
2282118
2282563
2282632
2282773
2282865
2283113
2283366
2283555
2283967
2285074
2285263
2285382
2286494
2286558
2286655
2286723
2286749
2287000
2287260
2287436
2287656
2287895
2287909
2288002
2288531
2288977
2289164
2289504
2289652
2289660
2289887
2290784
2290945
2291255
2291962
2292216
2292802
2293034
2293153
2293278
2293770
2293895
2293909
2294030
2294097
2294449
2294799
2294896
2294984
2295130
2295443
2295588
2295643
2295842
2295873
2295893
2296266
2296464
2296753
2296854
2296910
2297285
2297317
2297453
2297831
2298286
2298484
2298602
2299029
2299037
2299132
2299357
2299660
2299967
2300805
2301003
2301120
2301395
2301655
2301730
2301906
2302286
2302339
2302527
2302586
2302709
2302729
2302783
2303069
2303100
2303213
2303246
2303325
2303419
2303911
2303950
2304662
2305626
2305778
2305933
2307084
2307443
2308622
2308722
2309013
2309094
2309147
2309373
2309631
2309774
2310517
2310748
2310799
2310800
2311170
2311320
2312350
2312419
2312576
2312582
2312696
2313102
2313332
2313395
2313747
2313799
2314009
2314018
2314102
2314398
2315321
2315786
2315954
2316265
2316687
2316700
2316715
2316879
2316957
2316969
2317204
2317457
2317470
2317618
2317632
2317660
2317769
2317801
2317925
2318160
2318552
2318570
2318984
2319025
2319179
2320285
2320414
2320940
2321180
2321506
2321507
2322131
2322179
2322182
2322506
2322762
2323092
2323193
2323692
2323979
2324313
2324359
2324401
2324417
2324744
2324777
2325264
2325290
2325399
2326418
2326680
2326978
2327126
2327240
2327382
2327586
2327779
2328145
2328888
2328920
2329074
2329199
2329377
2329571
2330025
2330128
2330152
2330199
2330273
2330454
2330873
2330937
2332056
2332057
2332204
2332234
2332271
2332693
2332835
2333412
2333630
2333640
2333686
2334748
2334972
2334993
2335263
2335446
2335506
2335580
2335622
2335759
2335956
2336059
2336262
2336800
2336971
2337423
2337465
2337496
2337888
2338116
2338156
2338244
2338256
2338295
2338511
2338750
2339384
2339485
2339941
2340713
2340852
2341296
2342019
2342209
2342218
2342321
2342450
2342695
2342711
2342788
2342913
2343028
2343211
2343667
2343909
2344659
2345134
2345706
2346092
2346146
2346281
2346363
2346475
2346601
2346698
2346703
2346728
2347015
2347038
2347331
2347491
2347850
2348019
2348791
2349271
2349456
2351188
2351201
2351222
2351505
2351629
2351746
2351751
2351919
2351936
2351945
2351977
2352151
2352419
2352522
2352538
2352662
2352945
2353074
2353599
2354174
2354541
2354877
2355185
2355211
2355319
2355680
2355793
2355945
2356164
2356184
2356431
2356874
2356880
2357027
2357380
2357632
2357681
2357781
2357836
2357900
2358314
2358685
2359109
2359440
2359780
2359850
2360146
2360427
2360515
2360879
2360935
2360993
2361183
2361237
2361432
2361609
2361681
2362105
2362193
2362210
2362755
2362847
2362928
2363141
2363202
2363208
2363244
2363433
2363755
2363882
2363907
2363993
2363994
2364061
2364683
2364699
2364711
2365077
2365331
2365345
2365681
2367064
2367585
2367869
2367906
2367930
2368199
2368208
2368287
2368296
2368402
2368503
2368735
2369010
2369037
2369357
2370113
2370115
2370144
2370475
2370832
2370859
2371050
2371149
2371174
2372002
2372392
2372604
2372610
2372719
2372875
2373010
2373023
2373431
2373577
2373635
2373638
2373780
2373891
2373963
2374058
2374202
2374265
2374630
2374634
2375613
2375931
2375976
2376384
2376572
2376972
2377039
2377642
2377987
2378119
2378214
2378255
2378283
2378358
2378470
2378756
2379162
2379337
2379639
2380113
2380285
2380765
2381285
2381689
2381706
2381824
2381833
2381948
2382040
2382100
2382144
2382228
2383042
2383095
2383214
2383352
2383730
2384617
2384824
2385019
2385149
2385344
2385513
2386236
2386562
2386798
2386959
2387000
2387087
2387134
2387366
2387368
2387665
2387719
2387720
2387733
2387934
2387981
2388050
2388081
2389050
2389118
2389161
2389232
2389237
2389566
2389671
2389753
2389914
2390399
2390426
2390630
2390771
2390778
2391005
2391342
2391452
2391493
2391806
2391904
2392317
2392587
2392617
2392762
2392908
2393303
2393444
2393679
2393812
2394195
2394246
2394291
2394399
2394488
2395333
2396249
2396458
2396701
2396724
2397113
2397294
2397328
2397424
2397654
2397695
2397755
2397902
2398227
2398230
2398299
2398379
2398592
2398934
2399461
2399742
2400095
2400175
2400676
2400677
2400712
2400731
2400912
2400927
2400984
2401156
2401344
2401460
2401612
2401733
2402255
2402337
2402481
2402496
2402614
2402644
2402692
2402885
2402941
2403745
2403871
2403920
2404011
2404194
2404386
2405001
2405078
2405327
2405388
2405432
2405492
2405688
2405713
2406084
2406124
2406145
2406251
2406691
2406714
2407016
2407105
2407170
2407881
2407959
2408386
2408607
2408800
2408974
2409132
2409265
2409281
2409735
2409756
2409862
2409941
2410020
2410071
2410103
2410205
2410280
2410312
2410390
2410410
2410728
2410753
2410795
2410832
2411221
2411432
2411633
2411711
2411864
2411903
2412046
2412837
2412955
2413057
2413259
2413290
2413365
2413622
2413828
2413830
2413992
2413992
2414122
2414247
2414379
2414607
2414865
2415199
2415535
2416200
2417378
2417520
2417834
2418339
2418818
2418865
2418998
2419340
2419382
2419461
2419486
2419625
2420290
2420826
2420844
2421385
2421385
2421810
2421857
2421881
2421973
2422123
2422170
2422209
2422502
2422827
2423117
2423343
2423395
2423637
2423872
2424711
2424851
2425263
2425350
2425860
2426017
2426220
2426459
2426680
2426840
2427134
2427890
2428249
2428306
2428323
2428468
2428476
2428644
2428726
2428740
2428795
2429259
2429303
2429382
2429598
2429928
2429945
2430125
2430151
2430182
2430207
2430594
2430796
2430864
2431410
2431472
2431671
2431948
2432451
2432791
2432947
2433204
2433205
2433255
2433362
2433669
2433808
2433828
2433831
2434107
2434130
2434484
2434666
2434737
2434776
2434926
2435204
2435325
2435368
2436107
2436156
2436332
2436505
2436672
2436736
2436759
2437178
2437292
2437438
2437612
2437672
2437814
2437847
2437920
2438524
2438935
2439087
2439091
2439167
2439271
2439436
2440627
2440683
2441489
2441588
2441660
2441928
2442159
2442194
2442214
2442302
2442354
2442520
2442787
2442850
2443001
2443126
2443909
2443995
2444912
2444969
2445145
2445332
2445591
2445598
2445742
2446525
2446529
2447216
2447791
2447888
2447955
2448152
2448415
2449356
2449628
2449798
2450265
2450351
2450360
2450610
2450637
2450697
2450977
2451297
2451503
2451809
2451876
2452293
2452562
2452922
2453176
2453768
2453777
2454481
2454586
2454725
2455013
2455039
2455113
2455151
2455225
2455967
2456062
2456272
2456298
2456753
2456866
2457670
2458153
2458264
2458349
2458488
2458607
2458612
2458845
2459409
2459410
2459951
2460051
2460288
2461415
2462060
2462123
2462225
2462548
2462676
2463020
2463072
2463489
2463516
2463704
2464019
2464127
2464750
2464841
2464860
2465214
2465334
2465490
2465597
2465957
2466340
2466864
2466923
2467079
2467412
2467480
2467525
2467570
2467700
2467826
2467843
2468063
2468320
2468483
2468489
2468956
2469158
2469247
2469616
2470281
2470301
2470395
2470525
2470566
2471060
2471206
2471405
2471869
2471999
2472123
2472314
2472345
2472493
2472781
2472885
2472984
2473169
2473201
2473657
2473900
2473913
2474552
2474569
2475039
2475299
2475357
2475673
2475820
2476613
2476832
2477303
2477507
2477652
2477742
2477766
2477769
2477876
2478408
2478424
2478443
2478479
2478488
2478819
2479009
2479311
2479416
2480049
2480141
2480373
2480605
2480607
2480967
2480996
2481043
2481399
2481623
2481679
2481950
2482106
2482174
2482796
2482900
2482955
2483074
2483531
2483662
2483764
2484455
2484516
2484831
2484970
2485041
2485044
2485217
2485245
2485458
2485493
2486135
2487441
2487749
2487874
2487878
2488258
2488332
2488393
2488474
2488683
2488802
2489266
2489277
2489456
2489467
2489478
2489681
2489760
2489793
2489954
2490108
2490141
2490426
2490534
2490554
2491745
2491863
2492229
2492230
2492381
2492476
2492625
2492902
2493567
2493591
2493708
2493801
2493842
2494110
2494230
2494269
2494297
2494524
2494662
2494914
2494955
2494994
2495065
2495140
2495184
2495516
2495527
2495831
2496385
2496430
2496537
2496643
2496685
2496805
2497361
2497638
2497728
2497729
2498160
2498357
2498441
2498824
2499444
2500071
2500190
2500624
2500651
2500847
2500905
2500907
2501358
2501404
2501718
2501790
2501888
2502101
2502218
2503059
2503060
2503090
2503229
2503337
2503389
2503454
2503740
2504812
2504940
2505120
2505346
2505496
2505536
2505945
2506052
2506364
2506428
2506549
2506760
2506965
2507041
2507083
2507184
2507810
2507846
2508037
2508149
2508249
2508618
2508630
2508870
2508953
2509001
2509221
2509264
2509374
2509657
2509747
2509861
2510011
2510047
2511045
2511158
2511181
2511189
2511447
2511601
2511749
2511996
2512078
2512117
2512395
2513503
2513597
2513662
2513733
2514030
2514110
2514276
2514395
2514479
2514538
2514717
2514998
2515053
2515141
2515522
2515569
2515760
2515939
2516000
2516189
2516192
2516667
2516842
2517317
2517453
2517480
2517500
2518026
2518143
2518244
2518257
2518329
2518426
2518438
2518471
2518544
2518781
2518830
2519173
2519537
2519736
2520341
2520578
2520810
2520948
2521005
2521058
2521127
2521231
2521253
2521395
2521460
2521579
2521597
2521702
2523025
2523699
2524007
2524147
2524165
2524678
2524928
2524950
2525070
2525329
2525511
2525606
2525622
2525995
2526150
2526198
2526211
2526431
2526851
2527041
2527109
2527457
2527513
2527894
2528187
2528311
2528312
2528769
2529370
2529380
2529657
2529954
2530326
2530373
2530717
2530988
2531129
2531375
2531723
2531852
2532029
2532111
2532167
2532637
2534002
2534184
2534228
2534347
2534442
2534580
2534740
2534920
2535126
2535291
2535393
2535575
2535985
2536212
2536345
2536543
2536687
2536719
2536750
2536998
2537085
2537458
2537832
2537973
2538028
2538253
2538546
2538612
2538750
2539293
2539327
2539447
2540276
2540721
2540768
2540926
2540981
2541245
2541693
2541774
2541899
2541997
2542163
2542474
2542658
2542814
2543063
2543148
2543505
2543668
2544377
2544758
2544867
2544932
2544955
2545004
2545329
2545431
2545725
2546619
2546787
2546921
2547570
2547753
2548482
2549073
2549377
2549387
2549391
2549920
2549924
2550164
2550179
2550252
2550261
2551092
2551335
2552250
2552868
2552876
2552881
2553172
2553205
2553297
2553759
2553780
2553877
2553890
2553905
2553927
2553962
2553998
2554144
2554249
2554457
2554544
2554549
2554554
2554558
2554684
2554787
2554989
2555135
2555150
2555298
2555479
2555518
2555617
2555623
2555698
2555870
2556107
2556587
2556618
2556658
2557079
2557115
2557678
2557743
2557800
2557866
2558271
2558612
2558692
2559171
2559626
2559774
2560028
2560332
2560501
2560531
2560555
2560649
2560770
2560808
2561032
2561970
2561970
2562808
2563552
2563867
2564173
2564349
2564392
2564542
2564809
2564820
2566657
2567017
2567257
2567355
2567683
2567876
2568238
2568398
2568404
2569243
2569344
2569907
2570282
2570377
2570506
2570571
2570578
2570730
2570762
2571104
2571367
2572054
2572229
2572262
2572626
2572736
2572792
2572817
2572885
2573203
2573521
2573916
2573935
2573977
2574460
2574894
2574897
2574902
2574937
2575097
2575399
2575435
2575445
2575481
2575764
2575792
2575931
2576129
2576434
2576493
2576734
2576995
2577164
2577229
2577666
2577749
2578098
2578194
2578228
2578401
2578419
2579038
2579053
2579282
2579340
2579499
2579567
2579589
2579792
2579805
2579964
2579998
2580073
2580115
2580154
2580222
2580228
2580233
2580258
2580303
2580709
2580874
2581008
2581132
2581426
2581803
2581929
2582038
2582158
2582422
2582569
2582627
2582934
2582951
2583192
2583470
2583841
2583988
2584020
2584057
2584272
2584360
2584418
2584609
2584931
2585812
2586101
2586618
2586652
2587436
2587493
2588113
2588455
2588915
2588924
2589516
2589698
2589760
2589906
2589971
2590158
2590160
2590180
2590446
2591459
2591560
2591667
2591741
2591864
2592378
2592572
2593287
2593301
2593418
2593579
2593625
2593798
2593809
2594484
2594541
2594554
2595015
2595078
2595389
2595493
2595623
2595835
2595835
2595842
2595847
2595977
2596065
2596174
2596292
2596839
2597361
2597559
2597726
2597941
2598097
2598124
2598417
2598439
2598555
2598607
2598726
2598835
2599270
2599489
2599598
2600444
2601391
2602178
2602652
2603299
2603320
2603721
2603738
2604079
2604131
2604160
2604287
2604341
2604632
2604958
2605108
2605145
2605230
2605681
2605709
2606102
2606502
2607516
2607529
2607599
2608114
2608175
2608344
2608346
2608853
2609157
2609307
2609396
2609413
2609574
2609814
2610864
2610912
2610997
2611199
2611417
2611685
2611904
2612224
2612441
2613179
2613239
2613354
2613790
2613825
2614241
2614270
2615011
2615195
2615249
2615412
2615692
2615729
2615761
2615882
2615972
2616950
2617493
2617579
2617586
2618036
2618440
2618513
2618742
2618850
2618939
2619286
2619624
2620039
2620130
2620351
2620432
2621091
2621199
2621382
2621404
2621914
2621961
2622381
2622733
2623113
2623198
2623338
2623381
2623601
2623688
2623878
2624637
2624709
2624822
2624887
2624896
2625285
2625797
2625826
2625992
2626403
2626888
2627206
2627229
2627357
2627379
2627500
2627514
2627784
2628233
2628418
2628451
2628645
2628684
2629180
2629478
2629545
2629591
2629768
2630495
2631439
2631657
2632096
2632423
2632444
2632668
2633067
2633079
2633090
2633123
2633360
2633365
2633372
2633381
2633576
2633634
2633690
2633730
2633956
2634098
2634423
2634962
2634968
2635072
2635502
2635522
2635639
2635968
2635992
2636232
2636300
2636428
2636524
2637015
2637256
2637460
2637474
2637626
2637662
2637799
2638240
2638610
2639849
2639896
2639969
2640639
2640796
2640980
2641089
2641217
2641385
2641652
2641722
2641762
2642333
2642551
2642618
2642865
2642868
2643186
2643340
2643446
2644311
2644494
2644610
2644716
2645079
2645676
2645965
2646130
2646395
2646511
2646539
2646690
2646779
2646900
2646957
2646960
2647048
2647251
2647968
2648003
2648500
2648890
2649179
2649421
2649436
2649821
2649865
2649949
2650017
2650111
2650641
2650855
2650958
2651136
2651396
2651969
2652211
2652226
2652316
2652407
2652439
2652676
2652691
2652763
2652871
2653039
2653058
2653082
2653236
2653271
2653838
2653884
2654130
2654137
2654172
2654229
2654338
2654940
2655112
2655528
2655861
2656266
2656376
2656409
2656890
2656939
2657025
2657083
2657251
2657255
2657689
2657738
2657802
2657835
2657885
2658103
2658718
2659132
2659137
2659507
2659604
2659886
2660037
2660142
2660283
2660328
2660586
2660758
2661429
2661791
2662110
2662304
2663185
2663432
2663633
2663637
2663968
2663985
2664046
2664801
2665117
2665515
2665730
2665832
2666006
2666147
2666839
2667265
2667757
2667822
2668095
2668387
2668617
2668631
2668657
2669373
2669446
2670063
2670566
2670965
2671310
2671509
2671573
2671796
2671828
2671846
2671975
2672591
2672909
2673131
2673666
2673799
2673878
2673996
2674089
2674301
2674541
2674846
2675191
2675266
2675289
2675656
2675732
2675758
2676116
2676130
2676317
2676394
2676543
2676605
2676660
2676694
2676723
2677005
2677138
2677382
2677407
2678861
2678880
2678930
2679342
2679953
2679958
2679981
2680207
2680765
2680863
2681460
2681485
2681882
2682034
2682058
2682663
2683230
2683532
2683580
2683613
2683698
2684045
2684294
2684488
2684801
2685051
2685158
2685194
2685266
2685817
2685998
2686106
2686683
2686733
2686833
2687175
2687225
2687425
2687585
2687716
2687805
2688230
2688864
2689549
2689642
2689807
2690176
2690559
2690778
2690993
2691152
2691526
2691574
2691651
2691821
2691956
2692004
2692184
2692373
2692750
2692912
2693122
2693471
2694868
2695531
2695709
2695755
2696266
2696495
2696600
2696953
2697755
2698193
2699071
2699587
2699961
2700274
2700313
2700428
2700489
2701094
2701472
2702040
2702154
2702168
2702274
2702320
2702880
2703247
2703748
2703800
2703847
2703959
2703995
2704053
2704081
2704282
2704316
2704324
2704380
2704603
2704838
2705015
2705094
2705278
2705621
2705770
2705779
2706107
2706107
2706780
2706786
2706947
2707264
2707320
2707395
2707498
2707557
2707754
2708156
2708383
2708732
2708737
2708903
2708963
2709060
2709160
2709535
2709551
2709638
2709784
2709901
2710519
2711081
2711531
2711603
2711687
2711832
2711859
2711957
2712110
2712311
2712320
2712334
2712502
2712707
2713198
2713241
2713244
2713331
2713863
2714099
2714101
2714102
2714114
2714360
2714698
2714967
2715173
2715176
2715968
2715998
2716234
2716610
2716933
2716976
2717092
2717258
2717560
2717654
2718002
2718248
2718560
2718855
2718930
2719345
2719484
2719738
2719923
2719964
2720234
2720544
2720602
2721153
2721400
2721776
2721983
2722063
2722158
2722227
2722344
2722755
2722812
2722882
2723236
2723540
2724147
2724240
2724304
2724804
2724839
2725082
2725089
2725231
2725264
2725544
2726057
2726260
2726331
2726345
2726492
2726948
2727229
2727584
2727972
2728140
2728465
2728589
2729023
2729055
2729817
2729939
2730214
2730302
2730460
2730595
2730744
2730749
2731093
2731143
2731562
2732044
2732079
2732101
2732672
2732738
2733155
2733254
2733301
2733363
2733424
2733480
2733514
2733890
2734662
2734680
2734762
2734836
2734913
2735351
2735680
2736111
2736312
2736313
2736505
2737498
2737879
2738706
2738885
2739167
2739291
2739371
2739456
2739485
2739782
2739832
2740097
2740252
2740490
2740597
2741004
2741678
2741815
2742032
2742363
2743065
2743210
2743402
2743481
2743519
2743963
2743995
2744043
2744054
2744107
2744254
2744311
2744319
2744879
2744884
2744933
2744995
2745051
2745406
2745822
2745830
2745992
2746010
2746152
2746382
2746844
2747608
2747777
2748684
2749308
2749499
2749712
2749740
2750278
2750374
2750464
2750749
2750921
2750958
2751202
2751403
2751574
2751584
2751671
2751819
2751879
2751983
2752063
2752107
2752160
2752170
2752282
2752673
2752882
2753228
2753389
2753598
2753604
2753788
2753832
2753926
2754003
2754021
2754873
2755018
2755413
2755626
2755651
2755713
2756141
2756278
2756300
2756418
2756568
2756787
2756960
2757039
2757069
2757118
2757141
2757262
2757414
2757854
2757951
2758050
2758433
2758740
2758924
2758956
2759265
2759469
2759566
2759696
2759852
2760258
2760424
2760702
2761176
2761259
2761296
2762069
2762073
2762307
2762349
2762499
2762542
2762851
2763039
2763105
2763247
2763510
2763768
2763983
2764286
2764550
2764602
2765154
2765245
2765326
2766335
2766521
2766765
2767212
2767258
2768234
2768463
2768599
2768626
2768648
2768692
2768805
2769200
2769296
2769776
2770008
2770601
2770910
2771113
2771125
2771177
2771198
2771246
2771338
2771430
2771733
2772200
2772243
2772905
2773027
2774129
2774141
2774298
2774592
2775077
2775618
2775662
2776102
2776105
2776233
2776300
2776760
2777062
2777079
2777453
2777758
2777892
2778050
2778343
2778344
2778468
2778641
2778650
2779243
2779253
2779326
2779600
2779715
2779890
2780025
2780277
2780550
2780657
2780717
2780902
2781054
2781618
2781664
2781926
2781935
2783093
2783122
2783281
2783859
2784022
2784219
2784508
2784737
2785287
2785427
2785770
2785777
2785879
2785946
2786023
2786134
2786283
2786439
2787099
2787271
2787312
2787434
2787630
2787829
2788234
2788267
2788642
2788959
2789624
2789638
2790003
2790443
2791743
2792421
2792647
2792961
2793461
2793551
2793996
2794012
2794052
2794101
2794294
2794440
2794892
2794898
2795921
2795995
2796051
2796126
2796350
2796379
2797128
2797407
2797456
2798316
2798624
2798626
2798761
2798911
2798987
2799281
2799302
2799390
2800294
2800471
2801318
2801581
2801820
2801871
2802228
2802313
2802401
2802618
2803072
2803126
2804315
2804996
2805063
2805135
2805224
2805738
2806059
2806084
2806168
2806235
2806263
2806371
2806525
2806731
2806875
2806949
2807311
2808081
2808247
2808345
2808378
2808720
2808762
2809231
2809236
2809409
